7.308700000000000311e-11	1.254640000000000074e-11
2.265080000000000038e-11	1.068729999999999951e-11
7.070489999999999693e-11	1.251089999999999993e-11
2.183709999999999871e-11	1.060900000000000054e-11
5.776709999999999768e-11	1.227440000000000029e-11
1.983390000000000013e-11	1.039809999999999949e-11
6.390420000000000148e-11	1.239689999999999941e-11
5.505149999999999984e-11	1.221279999999999982e-11
9.121419999999999558e-11	1.276200000000000075e-11
8.349489999999999878e-11	1.268039999999999997e-11
3.065670000000000204e-11	1.129040000000000044e-11
9.977330000000000018e-11	1.283900000000000053e-11
3.434870000000000206e-11	1.149509999999999936e-11
5.143920000000000239e-11	1.212240000000000013e-11
1.498159999999999909e-11	9.747059999999999465e-12
8.236339999999999860e-11	1.266730000000000036e-11
1.256820000000000091e-12	4.866489999999999795e-12
9.000079999999999592e-11	1.274999999999999959e-11
5.248079999999999909e-11	1.214950000000000028e-11
9.478559999999999630e-11	1.279569999999999969e-11
3.160080000000000243e-11	1.134620000000000026e-11
2.828820000000000138e-11	1.113819999999999953e-11
5.911049999999999456e-11	1.230300000000000039e-11
3.437179999999999860e-11	1.149630000000000060e-11
9.589869999999999889e-11	1.280569999999999985e-11
4.824329999999999821e-11	1.203310000000000050e-11
4.752560000000000259e-11	1.201160000000000023e-11
4.074749999999999939e-11	1.177949999999999923e-11
7.817509999999999715e-11	1.261590000000000080e-11
8.703649999999999976e-11	1.271949999999999967e-11
8.489779999999999556e-11	1.269620000000000077e-11
7.259230000000000119e-11	1.253919999999999972e-11
8.548139999999999561e-12	8.358620000000000587e-12
1.287609999999999923e-11	9.378629999999999994e-12
2.797109999999999983e-11	1.111640000000000058e-11
1.200019999999999970e-11	9.204580000000000347e-12
6.897199999999999974e-11	1.248370000000000021e-11
4.728689999999999958e-11	1.200439999999999921e-11
4.139139999999999910e-11	1.180410000000000056e-11
8.786120000000000209e-11	1.272809999999999945e-11
9.817499999999999961e-11	1.282560000000000060e-11
2.333739999999999869e-11	1.075039999999999991e-11
9.782910000000000367e-12	8.695129999999999524e-12
2.292619999999999898e-11	1.071289999999999972e-11
5.946290000000000101e-11	1.231040000000000054e-11
7.395520000000000379e-12	8.001389999999999291e-12
9.111400000000000455e-11	1.276100000000000025e-11
4.860599999999999867e-11	1.204369999999999966e-11
6.836279999999999624e-12	7.810440000000000392e-12
7.025540000000000536e-11	1.250399999999999923e-11
9.348639999999999472e-11	1.278370000000000015e-11
7.171540000000000600e-11	1.252619999999999968e-11
3.545719999999999880e-11	1.155009999999999942e-11
6.742789999999999625e-11	1.245849999999999987e-11
7.239919999999999386e-11	1.253640000000000058e-11
5.850230000000000125e-11	1.229019999999999947e-11
1.778560000000000047e-11	1.015100000000000067e-11
5.538629999999999877e-11	1.222059999999999985e-11
6.791939999999999916e-11	1.246660000000000021e-11
5.849830000000000571e-11	1.229009999999999991e-11
3.325330000000000008e-11	1.143800000000000034e-11
7.155170000000000015e-11	1.252380000000000041e-11
2.047670000000000139e-11	1.046880000000000079e-11
6.578619999999999690e-12	7.718139999999999261e-12
2.367830000000000019e-11	1.078070000000000070e-11
1.765020000000000087e-12	5.250229999999999935e-12
7.576530000000000150e-11	1.258400000000000050e-11
5.407819999999999711e-11	1.218939999999999974e-11
4.196770000000000181e-11	1.182570000000000039e-11
6.774620000000000228e-11	1.246379999999999946e-11
1.737779999999999892e-11	1.009739999999999936e-11
8.303930000000000140e-11	1.267519999999999995e-11
2.485060000000000076e-11	1.088059999999999950e-11
3.185579999999999922e-11	1.136079999999999982e-11
7.017860000000000310e-11	1.250279999999999960e-11
1.777999999999999896e-11	1.015030000000000048e-11
9.600609999999999741e-11	1.280670000000000035e-11
1.145760000000000078e-11	9.089649999999999341e-12
8.952550000000000016e-11	1.274519999999999945e-11
1.974390000000000032e-12	5.398839999999999642e-12
7.101270000000000335e-11	1.251560000000000051e-11
8.698750000000000593e-11	1.271890000000000066e-11
4.421730000000000224e-11	1.190560000000000048e-11
5.240539999999999721e-11	1.214760000000000046e-11
6.970979999999999848e-11	1.249539999999999945e-11
5.696839999999999867e-11	1.225679999999999923e-11
4.092149999999999926e-11	1.178619999999999920e-11
7.066810000000000177e-11	1.251040000000000049e-11
2.409549999999999967e-11	1.081709999999999922e-11
3.762509999999999888e-11	1.165030000000000015e-11
7.091960000000000085e-11	1.251420000000000013e-11
8.190219999999999972e-11	1.266189999999999959e-11
7.138499999999999441e-11	1.252129999999999997e-11
6.069549999999999477e-11	1.233549999999999969e-11
5.245200000000000147e-11	1.214880000000000009e-11
8.012999999999999885e-11	1.264050000000000051e-11
8.017270000000000067e-11	1.264099999999999996e-11
5.088040000000000118e-11	1.210740000000000069e-11
1.081099999999999988e-11	8.944850000000000200e-12
7.864520000000000259e-11	1.262190000000000057e-11
7.927730000000000188e-11	1.262989999999999973e-11
2.476529999999999990e-11	1.087359999999999923e-11
9.316280000000000527e-11	1.278070000000000026e-11
8.424639999999999613e-11	1.268899999999999975e-11
1.208440000000000049e-12	4.828150000000000182e-12
2.135280000000000005e-11	1.056049999999999968e-11
8.622789999999999854e-11	1.271080000000000032e-11
8.264160000000000442e-11	1.267060000000000056e-11
4.446509999999999801e-11	1.191399999999999952e-11
3.936680000000000306e-11	1.172430000000000003e-11
8.430639999999999385e-11	1.268960000000000037e-11
5.629930000000000023e-12	7.352020000000000413e-12
4.795629999999999832e-11	1.202460000000000028e-11
4.732370000000000120e-11	1.200549999999999928e-11
3.578119999999999944e-11	1.156569999999999948e-11
3.882489999999999949e-11	1.170190000000000045e-11
9.989340000000000165e-11	1.283999999999999941e-11
5.478030000000000236e-12	7.289229999999999627e-12
6.756070000000000070e-11	1.246070000000000001e-11
4.238499999999999762e-11	1.184109999999999970e-11
3.936450000000000014e-11	1.172430000000000003e-11
2.311890000000000159e-11	1.073060000000000034e-11
3.739470000000000019e-12	6.471700000000000384e-12
2.053809999999999950e-11	1.047539999999999957e-11
4.160970000000000030e-11	1.181240000000000003e-11
3.642229999999999840e-11	1.159590000000000070e-11
7.222559999999999872e-11	1.253380000000000057e-11
1.089729999999999962e-11	8.964690000000000245e-12
6.250249999999999949e-11	1.237070000000000019e-11
6.738569999999999872e-11	1.245779999999999969e-11
1.363200000000000007e-11	9.518450000000000099e-12
6.832070000000000634e-11	1.247320000000000061e-11
9.650049999999999417e-11	1.281099999999999943e-11
9.419110000000000161e-11	1.279019999999999936e-11
4.627840000000000120e-11	1.197309999999999954e-11
7.082929999999999911e-11	1.251279999999999975e-11
1.599779999999999955e-11	9.903509999999999672e-12
9.621080000000000602e-11	1.280850000000000061e-11
1.976090000000000075e-11	1.038989999999999958e-11
2.149380000000000117e-11	1.057480000000000054e-11
9.371930000000000033e-12	8.587889999999999670e-12
4.802990000000000156e-11	1.202680000000000041e-11
2.173270000000000008e-11	1.059870000000000006e-11
4.957500000000000232e-12	7.064390000000000355e-12
7.336969999999999584e-11	1.255050000000000069e-11
4.949809999999999888e-11	1.206929999999999988e-11
9.413620000000000110e-11	1.278969999999999992e-11
6.100669999999999934e-11	1.234170000000000021e-11
6.807999999999999910e-11	1.246929999999999979e-11
1.000150000000000031e-10	1.284099999999999991e-11
9.034619999999999403e-11	1.275350000000000054e-11
1.785620000000000059e-11	1.016009999999999989e-11
2.318860000000000077e-12	5.632369999999999759e-12
3.422149999999999913e-11	1.148869999999999971e-11
9.499489999999999784e-11	1.279759999999999951e-11
4.599949999999999842e-11	1.196430000000000063e-11
2.004839999999999846e-11	1.042200000000000063e-11
7.453399999999999563e-11	1.256700000000000007e-11
1.363560000000000058e-11	9.519100000000000505e-12
1.767690000000000115e-11	1.013690000000000056e-11
7.691810000000000604e-11	1.259949999999999938e-11
2.549220000000000077e-11	1.093250000000000012e-11
2.756899999999999935e-11	1.108820000000000035e-11
2.417059999999999962e-11	1.082350000000000048e-11
5.940720000000000398e-11	1.230919999999999929e-11
1.257430000000000065e-11	9.320180000000000379e-12
3.702800000000000257e-11	1.162359999999999987e-11
9.511830000000000436e-11	1.279869999999999958e-11
1.150129999999999987e-11	9.099109999999999585e-12
5.179369999999999972e-12	7.162110000000000064e-12
1.008680000000000052e-10	1.284800000000000018e-11
9.698539999999999991e-11	1.281530000000000013e-11
6.229070000000000235e-11	1.236669999999999980e-11
3.468589999999999703e-11	1.151219999999999935e-11
3.965150000000000002e-11	1.173599999999999927e-11
9.124310000000000569e-11	1.276229999999999945e-11
6.370220000000000053e-11	1.239319999999999934e-11
3.824259999999999701e-11	1.167709999999999999e-11
4.686819999999999693e-11	1.199150000000000035e-11
5.482960000000000136e-11	1.220750000000000024e-11
7.892160000000000331e-11	1.262539999999999990e-11
3.212519999999999806e-11	1.137609999999999956e-11
5.572669999999999922e-11	1.222849999999999944e-11
4.621280000000000196e-11	1.197100000000000059e-11
4.774829999999999759e-11	1.201830000000000020e-11
8.517119999999999639e-11	1.269930000000000022e-11
7.714269999999999925e-11	1.260249999999999926e-11
1.666220000000000063e-11	9.999369999999999225e-12
4.181640000000000022e-11	1.182010000000000049e-11
5.053690000000000128e-11	1.209810000000000072e-11
3.310000000000000073e-11	1.142980000000000043e-11
8.486210000000000208e-11	1.269579999999999928e-11
1.561480000000000007e-11	9.846010000000000775e-12
8.077579999999999676e-11	1.264840000000000011e-11
7.061640000000000029e-11	1.250960000000000074e-11
8.588920000000000363e-11	1.270710000000000025e-11
8.386389999999999771e-11	1.268459999999999949e-11
1.535709999999999885e-11	9.806319999999999760e-12
5.542570000000000202e-11	1.222150000000000078e-11
8.298810000000000421e-11	1.267459999999999933e-11
8.887560000000000068e-11	1.273860000000000067e-11
2.686869999999999920e-11	1.103770000000000011e-11
5.502900000000000069e-11	1.221219999999999920e-11
8.786089999999999693e-11	1.272809999999999945e-11
1.245489999999999937e-11	9.296629999999999334e-12
4.509180000000000139e-11	1.193479999999999959e-11
9.764509999999999557e-12	8.690430000000000564e-12
3.228989999999999957e-11	1.138539999999999953e-11
9.676429999999999795e-11	1.281340000000000031e-11
2.809730000000000065e-11	1.112509999999999992e-11
8.941660000000000494e-12	8.470629999999999420e-12
6.435309999999999566e-11	1.240509999999999931e-11
8.163949999999999761e-11	1.265880000000000014e-11
1.806580000000000083e-11	1.018689999999999974e-11
3.981340000000000078e-11	1.174250000000000010e-11
8.663199999999999356e-11	1.271509999999999941e-11
7.322459999999999961e-11	1.254840000000000013e-11
3.809460000000000047e-11	1.167079999999999991e-11
7.762429999999999994e-11	1.260879999999999935e-11
2.180180000000000026e-11	1.060549999999999959e-11
1.040059999999999993e-11	8.848179999999999967e-12
8.013469999999999781e-12	8.198599999999999417e-12
4.507850000000000103e-11	1.193439999999999972e-11
6.035490000000000165e-12	7.513829999999999296e-12
5.299429999999999685e-11	1.216259999999999989e-11
6.741640000000000100e-11	1.245830000000000074e-11
3.006749999999999724e-11	1.125419999999999944e-11
9.113800000000000364e-11	1.276130000000000056e-11
8.994020000000000081e-11	1.274940000000000058e-11
9.475830000000000509e-11	1.279539999999999938e-11
7.022640000000000215e-11	1.250349999999999978e-11
3.103770000000000052e-11	1.131319999999999990e-11
8.682230000000000013e-11	1.271719999999999997e-11
2.583609999999999893e-11	1.095950000000000071e-11
2.180359999999999890e-11	1.060570000000000034e-11
7.603850000000000320e-11	1.258770000000000058e-11
9.694830000000000605e-12	8.672529999999999196e-12
9.599850000000000459e-11	1.280660000000000078e-11
6.314009999999999427e-11	1.238279999999999930e-11
9.485699999999999617e-11	1.279630000000000031e-11
8.907890000000000245e-11	1.274069999999999962e-11
5.877380000000000388e-11	1.229600000000000011e-11
6.044999999999999546e-11	1.233059999999999999e-11
5.332330000000000161e-12	7.227829999999999909e-12
7.868830000000000268e-11	1.262249999999999958e-11
4.926090000000000227e-11	1.206250000000000035e-11
1.403399999999999937e-11	9.589230000000000732e-12
2.917519999999999790e-11	1.119740000000000073e-11
2.089820000000000076e-12	5.478580000000000269e-12
3.022690000000000240e-11	1.126410000000000004e-11
9.174800000000000205e-11	1.276720000000000077e-11
8.033319999999999459e-11	1.264299999999999934e-11
8.188559999999999431e-11	1.266170000000000046e-11
6.805119999999999502e-11	1.246880000000000035e-11
5.077290000000000310e-11	1.210450000000000037e-11
5.776610000000000202e-11	1.227430000000000072e-11
8.088169999999999533e-11	1.264969999999999930e-11
4.946020000000000204e-11	1.206819999999999981e-11
8.913980000000000272e-11	1.274130000000000025e-11
1.009940000000000004e-10	1.284910000000000025e-11
2.229059999999999874e-11	1.065309999999999951e-11
4.743050000000000232e-11	1.200879999999999948e-11
6.223359999999999848e-11	1.236559999999999974e-11
7.131229999999999372e-11	1.252019999999999990e-11
3.000210000000000198e-12	6.057819999999999728e-12
5.579310000000000144e-11	1.223010000000000057e-11
9.019959999999999786e-11	1.275200000000000059e-11
6.338060000000000238e-11	1.238719999999999956e-11
6.942280000000000505e-11	1.249089999999999962e-11
3.226219999999999717e-11	1.138380000000000002e-11
6.928190000000000350e-11	1.248869999999999948e-11
7.878709999999999979e-11	1.262369999999999921e-11
5.068589999999999994e-11	1.210220000000000068e-11
7.096140000000000013e-11	1.251480000000000076e-11
1.001540000000000064e-10	1.284219999999999954e-11
2.056090000000000057e-11	1.047780000000000045e-11
1.221069999999999925e-11	9.247669999999999510e-12
9.981320000000000125e-12	8.745320000000000141e-12
3.526809999999999994e-11	1.154090000000000063e-11
3.584979999999999856e-11	1.156899999999999968e-11
3.990439999999999948e-11	1.174620000000000017e-11
4.894519999999999787e-11	1.205350000000000069e-11
4.864349999999999725e-11	1.204479999999999973e-11
9.006740000000000374e-11	1.275069999999999978e-11
8.964059999999999752e-11	1.274640000000000070e-11
7.107239999999999592e-11	1.251649999999999983e-11
6.953620000000000334e-11	1.249269999999999987e-11
3.595650000000000012e-11	1.157400000000000056e-11
6.641270000000000114e-11	1.244130000000000031e-11
8.542359999999999802e-11	1.270199999999999980e-11
6.800780000000000270e-11	1.246810000000000016e-11
4.897059999999999734e-11	1.205419999999999927e-11
3.962509999999999844e-11	1.173489999999999920e-11
9.437529999999999268e-12	8.605310000000000215e-12
9.188890000000000360e-11	1.276849999999999997e-11
4.704720000000000091e-11	1.199710000000000025e-11
5.082469999999999769e-11	1.210590000000000075e-11
5.431149999999999774e-11	1.219509999999999920e-11
3.006200000000000176e-11	1.125390000000000075e-11
7.812379999999999393e-11	1.261520000000000061e-11
2.699990000000000090e-11	1.104730000000000040e-11
9.504659999999999932e-11	1.279799999999999939e-11
6.411720000000000633e-11	1.240080000000000023e-11
1.590520000000000133e-11	9.889770000000000581e-12
9.805370000000000334e-11	1.282450000000000054e-11
6.641250000000000201e-11	1.244130000000000031e-11
7.819669999999999375e-11	1.261619999999999950e-11
7.401630000000000320e-11	1.255980000000000067e-11
6.987860000000000155e-11	1.249810000000000064e-11
5.573970000000000088e-11	1.222879999999999975e-11
9.854569999999999761e-11	1.282870000000000005e-11
7.970409999999999518e-11	1.263519999999999931e-11
2.147359999999999849e-12	5.517760000000000109e-12
3.918079999999999719e-11	1.171670000000000075e-11
8.400010000000000030e-11	1.268620000000000061e-11
8.324930000000000637e-11	1.267759999999999921e-11
6.583049999999999823e-11	1.243130000000000015e-11
8.455810000000000499e-11	1.269239999999999951e-11
5.502649999999999863e-11	1.221219999999999920e-11
3.920439999999999802e-11	1.171769999999999964e-11
2.814710000000000070e-11	1.112859999999999925e-11
1.589229999999999924e-11	9.887850000000000524e-12
8.672849999999999421e-11	1.271619999999999947e-11
7.410660000000000494e-11	1.256100000000000030e-11
2.280409999999999974e-11	1.070160000000000036e-11
7.151279999999999473e-11	1.252319999999999979e-11
1.612760000000000087e-11	9.922629999999999291e-12
3.817170000000000142e-11	1.167410000000000011e-11
6.382609999999999841e-11	1.239550000000000065e-11
4.301000000000000192e-11	1.186360000000000046e-11
4.973870000000000010e-11	1.207599999999999984e-11
5.074599999999999723e-11	1.210380000000000018e-11
3.570220000000000028e-11	1.156189999999999984e-11
7.791289999999999934e-11	1.261249999999999942e-11
1.007260000000000020e-10	1.284690000000000012e-11
9.965800000000000369e-11	1.283809999999999959e-11
3.834420000000000134e-11	1.168150000000000026e-11
1.070610000000000019e-12	4.717070000000000215e-12
9.467899999999999431e-11	1.279470000000000081e-11
8.592749999999999873e-11	1.270750000000000013e-11
1.579770000000000003e-11	9.873689999999999704e-12
6.112170000000000360e-11	1.234399999999999991e-11
2.091060000000000180e-12	5.479429999999999806e-12
1.226030000000000017e-11	9.257689999999999905e-12
1.587879999999999975e-11	9.885829999999999287e-12
4.104079999999999775e-11	1.179080000000000021e-11
4.716659999999999897e-11	1.200070000000000076e-11
6.406919999999999523e-11	1.239989999999999930e-11
4.037889999999999872e-11	1.176499999999999925e-11
5.983509999999999896e-11	1.231809999999999938e-11
3.352220000000000109e-11	1.145229999999999958e-11
4.280699999999999885e-11	1.185629999999999988e-11
3.402119999999999725e-11	1.147839999999999923e-11
5.268579999999999993e-11	1.215470000000000030e-11
7.957399999999999839e-11	1.263359999999999981e-11
7.178350000000000084e-11	1.252729999999999974e-11
7.054019999999999542e-11	1.250839999999999949e-11
5.582910000000000008e-11	1.223090000000000032e-11
7.202030000000000564e-11	1.253080000000000069e-11
3.225129999999999931e-11	1.138319999999999940e-11
1.314999999999999950e-11	9.430350000000000101e-12
7.801250000000000590e-11	1.261380000000000023e-11
1.357950000000000085e-12	4.945600000000000252e-12
8.630860000000000324e-11	1.271169999999999964e-11
6.156150000000000501e-11	1.235259999999999969e-11
3.029439999999999984e-11	1.126829999999999955e-11
5.195049999999999679e-11	1.213580000000000005e-11
1.754719999999999939e-11	1.011990000000000013e-11
8.500869999999999501e-12	8.344850000000000334e-12
8.901590000000000484e-11	1.274010000000000061e-11
9.487239999999999387e-11	1.279649999999999944e-11
8.243709999999999494e-11	1.266819999999999968e-11
1.845439999999999859e-11	1.023559999999999972e-11
5.131300000000000158e-11	1.211900000000000036e-11
1.493440000000000066e-11	9.739480000000000420e-12
2.391699999999999997e-11	1.080160000000000034e-11
1.503850000000000059e-11	9.756149999999999379e-12
9.599389999999999873e-11	1.280649999999999960e-11
5.497029999999999731e-11	1.221080000000000044e-11
6.544330000000000085e-11	1.242450000000000063e-11
9.658389999999999359e-11	1.281180000000000080e-11
8.644609999999999371e-11	1.271319999999999959e-11
6.108939999999999534e-11	1.234329999999999972e-11
4.236519999999999966e-11	1.184029999999999994e-11
4.636730000000000257e-11	1.197590000000000030e-11
5.631489999999999867e-12	7.352659999999999893e-12
1.608799999999999850e-11	9.916810000000000029e-12
3.458260000000000009e-11	1.150699999999999933e-11
1.822379999999999915e-11	1.020690000000000006e-11
9.219620000000000573e-11	1.277149999999999985e-11
3.718219999999999801e-11	1.163060000000000014e-11
5.463320000000000191e-11	1.220279999999999966e-11
8.824520000000000046e-12	8.437780000000000019e-12
5.918639999999999911e-12	7.468060000000000795e-12
8.019319999999999559e-11	1.264130000000000027e-11
3.204039999999999826e-11	1.137129999999999942e-11
6.998150000000000024e-11	1.249970000000000014e-11
7.063300000000000569e-11	1.250979999999999987e-11
1.095299999999999988e-12	4.737180000000000218e-12
5.537820000000000166e-11	1.222040000000000072e-11
6.256300000000000150e-11	1.237189999999999982e-11
3.328479999999999889e-11	1.143969999999999941e-11
9.582200000000000266e-11	1.280499999999999966e-11
1.001570000000000063e-10	1.284219999999999954e-11
4.930870000000000132e-11	1.206390000000000073e-11
3.836360000000000104e-11	1.168230000000000001e-11
5.167379999999999738e-11	1.212860000000000064e-11
6.669459999999999735e-11	1.244610000000000045e-11
2.829290000000000034e-11	1.113849999999999984e-11
4.983849999999999933e-11	1.207880000000000059e-11
9.414420000000000511e-11	1.278979999999999948e-11
1.219640000000000001e-11	9.244759999999999879e-12
3.317240000000000272e-11	1.143369999999999964e-11
9.109040000000000372e-11	1.276079999999999951e-11
2.222869999999999958e-11	1.064719999999999930e-11
8.046260000000000088e-11	1.264460000000000047e-11
2.665149999999999968e-11	1.102160000000000062e-11
2.272060000000000075e-11	1.069380000000000034e-11
2.287939999999999882e-11	1.070860000000000064e-11
6.211199999999999706e-11	1.236330000000000004e-11
5.507849999999999881e-11	1.221340000000000044e-11
5.742010000000000006e-11	1.226679999999999939e-11
5.492140000000000305e-11	1.220970000000000037e-11
8.414600000000000597e-11	1.268780000000000012e-11
5.019289999999999709e-11	1.208869999999999957e-11
7.997630000000000123e-11	1.263860000000000069e-11
6.174050000000000253e-11	1.235610000000000063e-11
6.842429999999999552e-11	1.247489999999999968e-11
1.743820000000000137e-11	1.010540000000000014e-11
2.172050000000000140e-11	1.059750000000000043e-11
5.596540000000000223e-11	1.223409999999999934e-11
2.000439999999999905e-12	5.416969999999999687e-12
8.143090000000000596e-12	8.238259999999999270e-12
9.679010000000000214e-11	1.281359999999999944e-11
5.083430000000000120e-11	1.210619999999999945e-11
2.168439999999999997e-11	1.059389999999999992e-11
8.519810000000000226e-11	1.269960000000000053e-11
7.432389999999999757e-11	1.256409999999999975e-11
8.269820000000000400e-11	1.267119999999999956e-11
1.734690000000000073e-11	1.009329999999999941e-11
4.003099999999999856e-11	1.175119999999999945e-11
1.839750000000000032e-11	1.022859999999999945e-11
8.338229999999999701e-11	1.267910000000000077e-11
7.210670000000000495e-11	1.253209999999999988e-11
2.730330000000000060e-11	1.106930000000000010e-11
6.311670000000000550e-11	1.238229999999999986e-11
7.912450000000000682e-12	8.167290000000000432e-12
1.001769999999999969e-10	1.284240000000000029e-11
2.353729999999999908e-11	1.076820000000000010e-11
6.023580000000000068e-12	7.509200000000000355e-12
8.701160000000000458e-12	8.402739999999999797e-12
3.684429999999999963e-11	1.161530000000000040e-11
1.127429999999999933e-11	9.049490000000000045e-12
5.125309999999999696e-11	1.211739999999999924e-11
5.680590000000000052e-11	1.225310000000000077e-11
8.615389999999999704e-11	1.271000000000000057e-11
8.157189999999999415e-11	1.265800000000000039e-11
5.595769999999999692e-11	1.223390000000000021e-11
6.116010000000000472e-11	1.234470000000000010e-11
3.237280000000000116e-11	1.139000000000000054e-11
2.426659999999999921e-11	1.083170000000000038e-11
7.312739999999999555e-11	1.254699999999999975e-11
1.273499999999999976e-12	4.879639999999999996e-12
6.030370000000000446e-11	1.232760000000000010e-11
3.073039999999999838e-11	1.129480000000000070e-11
7.803999999999999624e-11	1.261420000000000011e-11
5.398510000000000107e-11	1.218710000000000004e-11
4.202359999999999796e-11	1.182779999999999934e-11
1.553409999999999860e-11	9.833659999999999520e-12
5.632609999999999846e-11	1.224229999999999924e-11
1.476320000000000156e-11	9.711759999999999403e-12
2.263249999999999913e-11	1.068560000000000043e-11
6.771960000000000156e-11	1.246330000000000002e-11
7.127470000000000204e-11	1.251959999999999928e-11
4.127720000000000106e-12	6.671719999999999768e-12
4.543360000000000222e-11	1.194599999999999938e-11
5.047539999999999715e-11	1.209640000000000003e-11
7.914539999999999999e-11	1.262820000000000066e-11
6.547460000000000053e-11	1.242509999999999963e-11
3.837820000000000221e-11	1.168300000000000020e-11
8.565749999999999604e-11	1.270459999999999981e-11
4.523829999999999799e-11	1.193969999999999930e-11
5.458069999999999744e-11	1.220150000000000047e-11
2.161640000000000147e-11	1.058710000000000040e-11
1.835089999999999928e-11	1.022280000000000042e-11
6.293119999999999745e-12	7.612439999999999822e-12
4.084919999999999683e-11	1.178340000000000006e-11
2.672050000000000029e-11	1.102669999999999945e-11
5.491319999999999991e-11	1.220949999999999962e-11
8.255789999999999984e-11	1.266960000000000006e-11
3.815019999999999631e-12	6.511500000000000275e-12
7.183579999999999972e-11	1.252799999999999993e-11
1.917210000000000067e-12	5.358769999999999793e-12
1.756410000000000025e-11	1.012210000000000026e-11
8.109659999999999838e-11	1.265229999999999931e-11
2.224669999999999890e-11	1.064889999999999999e-11
5.013960000000000256e-11	1.208719999999999963e-11
4.143789999999999734e-11	1.180589999999999920e-11
4.082880000000000148e-11	1.178260000000000030e-11
9.620710000000000271e-11	1.280839999999999942e-11
7.156420000000000398e-11	1.252399999999999955e-11
7.423849999999999391e-11	1.256290000000000012e-11
4.585760000000000122e-11	1.195969999999999962e-11
9.675350000000000612e-11	1.281330000000000075e-11
7.751800000000000311e-11	1.260740000000000058e-11
9.953949999999999526e-11	1.283710000000000071e-11
3.799399999999999825e-11	1.166639999999999965e-11
4.588120000000000204e-11	1.196049999999999937e-11
1.006729999999999997e-10	1.284640000000000068e-11
6.050579999999999852e-11	1.233170000000000005e-11
6.304299999999999623e-11	1.238089999999999948e-11
7.165129999999999379e-11	1.252530000000000036e-11
7.388230000000000397e-11	1.255789999999999923e-11
7.322879999999999429e-11	1.254849999999999969e-11
2.062460000000000160e-11	1.048459999999999998e-11
3.486989999999999867e-11	1.152130000000000019e-11
8.228449999999999901e-11	1.266639999999999942e-11
7.153200000000000176e-11	1.252350000000000010e-11
5.581090000000000163e-11	1.223050000000000044e-11
8.963689999999999421e-11	1.274640000000000070e-11
8.705019999999999838e-11	1.271959999999999924e-11
9.761430000000000019e-11	1.282080000000000046e-11
8.746099999999999659e-11	1.272389999999999994e-11
8.333599999999999791e-11	1.267859999999999971e-11
6.359950000000000097e-11	1.239129999999999952e-11
6.084579999999999424e-11	1.233849999999999958e-11
4.428219999999999805e-11	1.190780000000000062e-11
6.189689999999999488e-11	1.235910000000000052e-11
7.815599999999999615e-11	1.261560000000000049e-11
3.758949999999999851e-11	1.164870000000000064e-11
1.466189999999999915e-11	9.695169999999999774e-12
3.254109999999999995e-11	1.139930000000000051e-11
4.990279999999999614e-12	7.079010000000000146e-12
6.233369999999999641e-11	1.236749999999999956e-11
6.640719999999999597e-12	7.740640000000000023e-12
1.496219999999999939e-11	9.743939999999999777e-12
5.248780000000000098e-11	1.214969999999999941e-11
3.257230000000000006e-11	1.140110000000000077e-11
1.971530000000000183e-12	5.396850000000000374e-12
9.324009999999999889e-11	1.278140000000000045e-11
5.939770000000000004e-11	1.230900000000000016e-11
7.511959999999999669e-11	1.257519999999999997e-11
4.133570000000000208e-11	1.180200000000000000e-11
1.379409999999999996e-11	9.547280000000000492e-12
9.335120000000000071e-11	1.278239999999999933e-11
9.697009999999999532e-11	1.281520000000000057e-11
4.128810000000000216e-11	1.180019999999999974e-11
2.569339999999999874e-11	1.094840000000000048e-11
8.277529999999999849e-11	1.267210000000000050e-11
4.644739999999999695e-11	1.197840000000000074e-11
6.165130000000000247e-11	1.235439999999999994e-11
4.003629999999999976e-12	6.608999999999999809e-12
6.322900000000000210e-11	1.238440000000000042e-11
6.516200000000000204e-11	1.241949999999999974e-11
2.947140000000000304e-11	1.121650000000000012e-11
6.074860000000000310e-11	1.233650000000000019e-11
4.646019999999999948e-11	1.197880000000000062e-11
5.361500000000000045e-11	1.217799999999999920e-11
4.340120000000000130e-11	1.187740000000000026e-11
3.569130000000000242e-11	1.156140000000000040e-11
6.094489999999999651e-11	1.234050000000000058e-11
1.465149999999999911e-11	9.693450000000000464e-12
2.634090000000000139e-12	5.834909999999999822e-12
5.838890000000000296e-11	1.228780000000000021e-11
1.424340000000000048e-11	9.625159999999999348e-12
5.545449999999999963e-11	1.222219999999999936e-11
6.168849999999999589e-11	1.235510000000000013e-11
1.413319999999999960e-11	9.606319999999999804e-12
3.627730000000000174e-11	1.158909999999999956e-11
1.293670000000000081e-11	9.390179999999999879e-12
5.982080000000000295e-11	1.231780000000000069e-11
3.986710000000000003e-11	1.174470000000000023e-11
2.147279999999999873e-11	1.057269999999999997e-11
8.727590000000000619e-11	1.272200000000000012e-11
1.241120000000000027e-11	9.287939999999999297e-12
8.837699999999999632e-11	1.273350000000000022e-11
2.470379999999999900e-11	1.086850000000000039e-11
3.533719999999999689e-11	1.154430000000000040e-11
6.364149999999999938e-11	1.239209999999999927e-11
7.340769999999999870e-11	1.255109999999999970e-11
1.776639999999999991e-11	1.014850000000000023e-11
3.216229999999999837e-11	1.137820000000000013e-11
5.618599999999999990e-11	1.223910000000000022e-11
4.277289999999999842e-11	1.185510000000000024e-11
6.094460000000000428e-11	1.234039999999999940e-11
5.388420000000000015e-11	1.218470000000000078e-11
5.307170000000000296e-11	1.216449999999999971e-11
9.134230000000000106e-11	1.276320000000000038e-11
2.908590000000000150e-11	1.119150000000000053e-11
4.049189999999999875e-11	1.176950000000000069e-11
8.541499999999999662e-11	1.270190000000000023e-11
7.616720000000000608e-11	1.258949999999999922e-11
3.889329999999999948e-11	1.170469999999999959e-11
2.481509999999999995e-11	1.087770000000000079e-11
2.305489999999999863e-11	1.072470000000000013e-11
6.290050000000000163e-11	1.237829999999999947e-11
7.048310000000000448e-11	1.250750000000000017e-11
4.840870000000000314e-11	1.203790000000000064e-11
6.648099999999999511e-11	1.244249999999999994e-11
6.841800000000000352e-11	1.247480000000000012e-11
8.059450000000000277e-11	1.264619999999999997e-11
1.105920000000000037e-11	9.001479999999999324e-12
5.394999999999999852e-11	1.218630000000000029e-11
8.820220000000000640e-11	1.273169999999999996e-11
1.890419999999999855e-11	1.029029999999999948e-11
1.281970000000000040e-11	9.367820000000000770e-12
4.556310000000000000e-12	6.880129999999999684e-12
2.234950000000000125e-11	1.065880000000000059e-11
9.851909999999999690e-11	1.282849999999999931e-11
3.938749999999999711e-11	1.172519999999999935e-11
3.535690000000000174e-11	1.154529999999999928e-11
9.735430000000000574e-11	1.281850000000000076e-11
7.779780000000000198e-11	1.261099999999999948e-11
5.732059999999999953e-11	1.226459999999999926e-11
6.679420000000000391e-11	1.244779999999999953e-11
3.616349999999999873e-11	1.158379999999999998e-11
3.166470000000000259e-11	1.134990000000000034e-11
8.339660000000000595e-11	1.267929999999999990e-11
4.124269999999999914e-11	1.179850000000000067e-11
4.693159999999999927e-11	1.199349999999999974e-11
6.924979999999999438e-11	1.248820000000000004e-11
2.957740000000000118e-11	1.122329999999999965e-11
5.042530000000000164e-11	1.209509999999999922e-11
7.437379999999999395e-11	1.256479999999999994e-11
7.648490000000000179e-11	1.259370000000000035e-11
4.492370000000000173e-11	1.192929999999999926e-11
6.520259999999999361e-11	1.242029999999999949e-11
3.878349999999999847e-11	1.170010000000000020e-11
5.161330000000000182e-11	1.212699999999999952e-11
3.984099999999999715e-11	1.174360000000000016e-11
7.479049999999999883e-11	1.257060000000000058e-11
5.474350000000000074e-11	1.220539999999999967e-11
6.671319999999999406e-11	1.244640000000000076e-11
4.871090000000000159e-11	1.204669999999999955e-11
5.386059999999999933e-11	1.218410000000000016e-11
9.769529999999999712e-11	1.282150000000000065e-11
4.350630000000000012e-12	6.781670000000000122e-12
6.334670000000000108e-11	1.238660000000000055e-11
8.837699999999999632e-11	1.273350000000000022e-11
6.004960000000000375e-11	1.232240000000000008e-11
2.068179999999999857e-11	1.049069999999999931e-11
2.113090000000000157e-11	1.053779999999999979e-11
2.568059999999999944e-11	1.094739999999999998e-11
2.977849999999999958e-11	1.123610000000000056e-11
3.446879999999999708e-11	1.150120000000000031e-11
9.992869999999999687e-11	1.284029999999999972e-11
1.194259999999999962e-11	9.192660000000000131e-12
8.991920000000000160e-11	1.274919999999999984e-11
9.558899999999999427e-11	1.280290000000000071e-11
8.155550000000000080e-11	1.265779999999999964e-11
9.307210000000000526e-11	1.277979999999999932e-11
9.294750000000000396e-11	1.277859999999999969e-11
4.246819999999999791e-11	1.184409999999999958e-11
1.748099999999999953e-11	1.011109999999999960e-11
3.872480000000000156e-11	1.169769999999999932e-11
4.981140000000000079e-11	1.207810000000000041e-11
8.686070000000000126e-11	1.271759999999999985e-11
4.562789999999999786e-11	1.195229999999999947e-11
7.018019999999999615e-11	1.250279999999999960e-11
8.616049999999999420e-11	1.271010000000000014e-11
1.435380000000000049e-11	9.643860000000000470e-12
1.300419999999999986e-11	9.402969999999999868e-12
9.528989999999999527e-11	1.280019999999999952e-11
9.842420000000000222e-11	1.282769999999999955e-11
8.940729999999999689e-11	1.274399999999999982e-11
7.348970000000000744e-12	7.985969999999999746e-12
3.344500000000000057e-11	1.144819999999999963e-11
9.202780000000000092e-11	1.276990000000000035e-11
6.260109999999999747e-11	1.237260000000000001e-11
4.215609999999999725e-11	1.183270000000000066e-11
2.862500000000000132e-11	1.116100000000000061e-11
9.411070000000000207e-11	1.278950000000000079e-11
4.999159999999999956e-11	1.208309999999999968e-11
7.175160000000000377e-11	1.252680000000000030e-11
8.848399999999999334e-12	8.444509999999999527e-12
8.680919999999999890e-11	1.271699999999999923e-11
3.562499999999999976e-11	1.155819999999999976e-11
3.379939999999999833e-12	6.276120000000000120e-12
6.007230000000000203e-11	1.232289999999999952e-11
5.484000000000000139e-11	1.220769999999999937e-11
1.913560000000000098e-11	1.031779999999999952e-11
9.743400000000000185e-11	1.281919999999999934e-11
4.589930000000000093e-11	1.196110000000000000e-11
3.192980000000000073e-11	1.136510000000000052e-11
9.273590000000000595e-11	1.277660000000000031e-11
3.742139999999999885e-11	1.164119999999999931e-11
2.722880000000000127e-11	1.106389999999999933e-11
9.263720000000000194e-11	1.277569999999999937e-11
3.812420000000000107e-11	1.167199999999999954e-11
4.478660000000000305e-11	1.192469999999999987e-11
8.747579999999999689e-11	1.272410000000000068e-11
5.572569999999999710e-11	1.222849999999999944e-11
3.265439999999999867e-12	6.211610000000000025e-12
2.748230000000000135e-11	1.108209999999999940e-11
3.945650000000000096e-11	1.172800000000000011e-11
4.232059999999999963e-11	1.183870000000000044e-11
6.071699999999999826e-11	1.233589999999999957e-11
5.736650000000000037e-11	1.226559999999999976e-11
9.285839999999999700e-11	1.277779999999999994e-11
1.134589999999999995e-11	9.065259999999999684e-12
5.675200000000000213e-11	1.225189999999999952e-11
6.205879999999999563e-11	1.236219999999999997e-11
1.222809999999999956e-11	9.251190000000000690e-12
1.525059999999999966e-11	9.789700000000000584e-12
6.716699999999999925e-11	1.245409999999999961e-11
9.138039999999999703e-11	1.276360000000000026e-11
8.357860000000000336e-11	1.268140000000000047e-11
9.400339999999999666e-11	1.278850000000000029e-11
5.307370000000000073e-11	1.216459999999999928e-11
3.950820000000000244e-11	1.173010000000000068e-11
2.226529999999999884e-11	1.065070000000000025e-11
8.687980000000000226e-11	1.271780000000000060e-11
9.531479999999999691e-11	1.280049999999999983e-11
5.469420000000000175e-11	1.220429999999999961e-11
7.470999999999999973e-12	8.026230000000000223e-12
9.710729999999999356e-11	1.281640000000000020e-11
1.966009999999999940e-11	1.037850000000000066e-11
1.004629999999999947e-10	1.284469999999999999e-11
9.452950000000000428e-11	1.279330000000000043e-11
4.912600000000000050e-11	1.205870000000000071e-11
4.582539999999999899e-11	1.195870000000000073e-11
2.383819999999999994e-11	1.079479999999999920e-11
1.218520000000000022e-11	9.242480000000000418e-12
6.574800000000000136e-11	1.242980000000000021e-11
1.602720000000000102e-11	9.907869999999999463e-12
7.093890000000000098e-11	1.251450000000000044e-11
2.249920000000000010e-11	1.067300000000000026e-11
1.009370000000000026e-10	1.284860000000000081e-11
3.341409999999999916e-11	1.144660000000000012e-11
3.530750000000000076e-12	6.359430000000000096e-12
1.251879999999999953e-11	9.309260000000000664e-12
3.486340000000000107e-11	1.152099999999999988e-11
6.737270000000000352e-11	1.245760000000000056e-11
9.523240000000000607e-11	1.279970000000000008e-11
2.004490000000000075e-11	1.042170000000000031e-11
9.431749999999999509e-11	1.279140000000000061e-11
8.711619999999999588e-11	1.272029999999999943e-11
4.949369999999999862e-11	1.206920000000000031e-11
2.380059999999999857e-11	1.079150000000000062e-11
3.249920000000000111e-11	1.139699999999999920e-11
8.271430000000000511e-11	1.267140000000000031e-11
2.853119999999999863e-11	1.115470000000000052e-11
1.004539999999999950e-10	1.284460000000000042e-11
3.765700000000000241e-11	1.165170000000000053e-11
5.531270000000000199e-11	1.221890000000000077e-11
3.460199999999999978e-11	1.150790000000000027e-11
1.363270000000000026e-11	9.518579999999999211e-12
4.183270000000000046e-11	1.182069999999999950e-11
6.645910000000000628e-11	1.244210000000000007e-11
9.071479999999999470e-11	1.275709999999999943e-11
9.349569999999999954e-11	1.278379999999999971e-11
1.443710000000000035e-11	9.657859999999999401e-12
8.025029999999999945e-11	1.264200000000000046e-11
6.893630000000000626e-11	1.248320000000000077e-11
8.841669999999999826e-11	1.273390000000000009e-11
7.249710000000000135e-11	1.253779999999999935e-11
5.669590000000000038e-11	1.225069999999999989e-11
9.546530000000000520e-12	8.634000000000000571e-12
1.626179999999999923e-11	9.942189999999999261e-12
8.973159999999999299e-12	8.479400000000000401e-12
9.122069999999999964e-11	1.276210000000000032e-11
2.589539999999999970e-11	1.096410000000000010e-11
4.763760000000000050e-11	1.201500000000000000e-11
7.263480000000000388e-11	1.253989999999999991e-11
2.136339999999999922e-11	1.056159999999999975e-11
4.079010000000000166e-11	1.178110000000000036e-11
5.714669999999999923e-11	1.226070000000000005e-11
6.331180000000000413e-11	1.238599999999999993e-11
5.189229999999999771e-11	1.213430000000000011e-11
3.957629999999999727e-11	1.173289999999999982e-11
2.999599999999999861e-12	6.057460000000000323e-12
1.286889999999999982e-11	9.377249999999999852e-12
7.856610000000000386e-11	1.262090000000000007e-11
7.071669999999999735e-11	1.251110000000000068e-11
1.116089999999999943e-11	9.024309999999999945e-12
4.515819999999999715e-11	1.193699999999999972e-11
1.935210000000000031e-11	1.034309999999999942e-11
3.038089999999999871e-11	1.127360000000000075e-11
9.000939999999999732e-11	1.275010000000000077e-11
9.056199999999999963e-11	1.275559999999999949e-11
9.587099999999999650e-11	1.280550000000000072e-11
8.798770000000000160e-11	1.272949999999999983e-11
8.949199999999999712e-11	1.274490000000000075e-11
6.300509999999999939e-11	1.238019999999999929e-11
9.187479999999999380e-11	1.276840000000000040e-11
7.730270000000000180e-11	1.260459999999999983e-11
2.937439999999999810e-11	1.121029999999999960e-11
1.547040000000000080e-11	9.823880000000000343e-12
4.386609999999999703e-11	1.189349999999999976e-11
2.379019999999999853e-11	1.079059999999999968e-11
5.108560000000000115e-11	1.211300000000000059e-11
3.220089999999999863e-11	1.138040000000000026e-11
7.256969999999999601e-11	1.253889999999999941e-11
5.832729999999999927e-11	1.228649999999999940e-11
4.093959999999999814e-11	1.178689999999999938e-11
1.497240000000000030e-11	9.745570000000000448e-12
6.369659999999999902e-11	1.239309999999999977e-11
3.774299999999999700e-11	1.165550000000000017e-11
2.848189999999999964e-11	1.115140000000000033e-11
7.716380000000000448e-11	1.260270000000000001e-11
3.208400000000000263e-11	1.137379999999999986e-11
2.898790000000000091e-11	1.118509999999999926e-11
8.953050000000000428e-11	1.274530000000000063e-11
3.891040000000000271e-11	1.170539999999999978e-11
9.907529999999999649e-11	1.283319999999999988e-11
6.412689999999999649e-11	1.240099999999999936e-11
6.646570000000000344e-11	1.244219999999999963e-11
7.099539999999999453e-11	1.251539999999999976e-11
6.199030000000000254e-11	1.236090000000000078e-11
6.291589999999999932e-11	1.237859999999999978e-11
2.663999999999999958e-12	5.853600000000000018e-12
9.460569999999999623e-11	1.279400000000000062e-11
2.722849999999999934e-11	1.106389999999999933e-11
6.531080000000000157e-11	1.242219999999999931e-11
5.184769999999999767e-11	1.213310000000000047e-11
9.125400000000000355e-11	1.276240000000000063e-11
1.216199999999999927e-11	9.237779999999999842e-12
8.809990000000000510e-11	1.273059999999999990e-11
6.363199999999999543e-11	1.239190000000000014e-11
9.465980000000000021e-11	1.279450000000000006e-11
8.324900000000000121e-11	1.267759999999999921e-11
8.286579999999999937e-11	1.267320000000000057e-11
8.577260000000000633e-11	1.270590000000000062e-11
7.144090000000000349e-11	1.252209999999999973e-11
5.596670000000000304e-11	1.223409999999999934e-11
9.862219999999999471e-11	1.282940000000000024e-11
6.851530000000000069e-11	1.247639999999999963e-11
8.694699999999999454e-11	1.271850000000000079e-11
5.453980000000000071e-11	1.220059999999999953e-11
5.251839999999999723e-11	1.215050000000000078e-11
2.056520000000000127e-11	1.047829999999999989e-11
9.947259999999999521e-11	1.283650000000000008e-11
3.927610000000000306e-11	1.172059999999999996e-11
7.997019999999999543e-11	1.263849999999999951e-11
1.794659999999999867e-11	1.017180000000000074e-11
5.503559999999999785e-11	1.221239999999999994e-11
2.868390000000000059e-11	1.116489999999999981e-11
9.997960000000000183e-11	1.284069999999999960e-11
3.292130000000000029e-12	6.226750000000000302e-12
1.381009999999999989e-12	4.963429999999999986e-12
3.530810000000000058e-11	1.154290000000000002e-11
4.059929999999999726e-11	1.177370000000000021e-11
9.700050000000000537e-11	1.281539999999999970e-11
5.528829999999999980e-12	7.310370000000000485e-12
1.433499999999999981e-11	9.640680000000000074e-12
1.009840000000000051e-10	1.284900000000000068e-11
3.607830000000000067e-11	1.157979999999999959e-11
1.479220000000000153e-11	9.716469999999999289e-12
7.704070000000000311e-11	1.260110000000000050e-11
8.693759999999999662e-11	1.271839999999999961e-11
6.269679999999999998e-12	7.603600000000000438e-12
1.364430000000000074e-12	4.950609999999999642e-12
5.818130000000000049e-11	1.228330000000000038e-11
1.000219999999999985e-10	1.284109999999999948e-11
5.186050000000000020e-11	1.213350000000000035e-11
8.944130000000000422e-11	1.274439999999999970e-11
3.003640000000000316e-11	1.125229999999999962e-11
6.262419999999999886e-12	7.600849999999999465e-12
3.021080000000000129e-11	1.126309999999999954e-11
6.401949999999999797e-11	1.239899999999999998e-11
6.483299999999999728e-11	1.241370000000000071e-11
6.536040000000000087e-12	7.702599999999999915e-12
6.767140000000000425e-11	1.246250000000000026e-11
2.749570000000000127e-11	1.108300000000000033e-11
7.975039999999999428e-11	1.263579999999999994e-11
1.988609999999999945e-11	1.040399999999999969e-11
7.729710000000000029e-11	1.260450000000000026e-11
6.052370000000000473e-11	1.233200000000000036e-11
4.970450000000000010e-11	1.207510000000000052e-11
2.987000000000000258e-11	1.124180000000000002e-11
2.333819999999999844e-11	1.075039999999999991e-11
7.020209999999999790e-11	1.250319999999999947e-11
9.279310000000000292e-11	1.277719999999999931e-11
5.276359999999999784e-11	1.215669999999999969e-11
4.346449999999999761e-11	1.187960000000000039e-11
3.537249999999999857e-11	1.154599999999999947e-11
5.144489999999999701e-11	1.212249999999999969e-11
8.009920000000000346e-11	1.264010000000000064e-11
9.375290000000000616e-11	1.278620000000000059e-11
2.110500000000000105e-11	1.053510000000000021e-11
7.496759999999999814e-11	1.257309999999999941e-11
4.981390000000000285e-11	1.207810000000000041e-11
4.905349999999999894e-11	1.205660000000000014e-11
3.618569999999999918e-11	1.158480000000000048e-11
1.082840000000000019e-11	8.948869999999999208e-12
1.623939999999999965e-11	9.938929999999999535e-12
1.579639999999999921e-11	9.873490000000000573e-12
3.100050000000000064e-11	1.131099999999999977e-11
3.162590000000000320e-11	1.134770000000000021e-11
6.905189999999999499e-11	1.248499999999999941e-11
4.258739999999999683e-11	1.184840000000000028e-11
1.888709999999999855e-11	1.028820000000000053e-11
6.590619999999999881e-11	1.243259999999999935e-11
3.322680000000000136e-12	6.243999999999999647e-12
6.189199999999999679e-11	1.235899999999999934e-11
3.995420000000000276e-11	1.174819999999999956e-11
3.931849999999999973e-11	1.172240000000000021e-11
5.036000000000000110e-11	1.209330000000000058e-11
5.615199999999999903e-11	1.223830000000000047e-11
5.640730000000000099e-11	1.224409999999999950e-11
1.382000000000000049e-11	9.551850000000000340e-12
7.836589999999999508e-11	1.261830000000000006e-11
1.379679999999999953e-11	9.547750000000000388e-12
9.034539999999999751e-11	1.275339999999999936e-11
2.189240000000000070e-11	1.061449999999999925e-11
2.976519999999999923e-11	1.123519999999999962e-11
3.937320000000000110e-11	1.172460000000000035e-11
1.997389999999999913e-11	1.041380000000000072e-11
6.962229999999999749e-11	1.249410000000000025e-11
9.652129999999999424e-11	1.281120000000000018e-11
6.071490000000000093e-11	1.233589999999999957e-11
7.981729999999999433e-11	1.263659999999999969e-11
6.498159999999999768e-11	1.241630000000000072e-11
8.232680000000000257e-11	1.266690000000000048e-11
1.342940000000000011e-11	9.481860000000000151e-12
8.664829999999999380e-11	1.271530000000000015e-11
9.294730000000000483e-11	1.277859999999999969e-11
3.898809999999999621e-12	6.555140000000000279e-12
8.249699999999999957e-11	1.266889999999999987e-11
5.681020000000000122e-11	1.225320000000000034e-11
7.579410000000000558e-11	1.258440000000000038e-11
2.097239999999999897e-11	1.052130000000000041e-11
4.994080000000000062e-11	1.208169999999999930e-11
9.089159999999999209e-12	8.511429999999999812e-12
7.468080000000000385e-11	1.256910000000000064e-11
1.784249999999999874e-11	1.015839999999999920e-11
2.806189999999999941e-11	1.112270000000000066e-11
4.968810000000000029e-11	1.207459999999999946e-11
3.753090000000000116e-11	1.164610000000000063e-11
6.972519999999999617e-11	1.249569999999999976e-11
4.375380000000000043e-11	1.188970000000000012e-11
1.274680000000000058e-11	9.353779999999999751e-12
1.554180000000000068e-11	9.834840000000000531e-12
7.107340000000000450e-11	1.251659999999999940e-11
8.091899999999999478e-11	1.265010000000000080e-11
8.811649999999999758e-11	1.273080000000000064e-11
6.934179999999999520e-11	1.248960000000000042e-11
7.906279999999999709e-11	1.262720000000000016e-11
9.335429999999999370e-11	1.278250000000000051e-11
9.977480000000000012e-11	1.283900000000000053e-11
9.823250000000000173e-11	1.282610000000000005e-11
9.105489999999999645e-11	1.276039999999999963e-11
5.667770000000000193e-12	7.367469999999999504e-12
9.825019999999999589e-11	1.282619999999999961e-11
3.673960000000000230e-11	1.161050000000000026e-11
6.050310000000000379e-11	1.233160000000000049e-11
5.484779999999999980e-11	1.220790000000000011e-11
4.736629999999999700e-11	1.200680000000000009e-11
5.879700000000000644e-11	1.229639999999999999e-11
1.394589999999999937e-11	9.573910000000000753e-12
8.826240000000000325e-11	1.273230000000000059e-11
6.194760000000000071e-11	1.236009999999999941e-11
9.324849999999999793e-12	8.575320000000000663e-12
7.812109999999999920e-11	1.261520000000000061e-11
7.352879999999999583e-11	1.255280000000000039e-11
7.707440000000000528e-11	1.260159999999999994e-11
3.158320000000000137e-11	1.134519999999999976e-11
5.273209999999999904e-11	1.215589999999999993e-11
6.179390000000000309e-11	1.235709999999999952e-11
7.325360000000000282e-11	1.254889999999999957e-11
8.559979999999999479e-11	1.270400000000000080e-11
8.564419999999999569e-11	1.270450000000000024e-11
9.685350000000000125e-12	8.670080000000000150e-12
1.531999999999999854e-11	9.800550000000000280e-12
7.258169999999999556e-11	1.253910000000000016e-11
5.748259999999999985e-11	1.226810000000000020e-11
6.918739999999999416e-11	1.248719999999999954e-11
6.730450000000000266e-11	1.245639999999999931e-11
3.184969999999999989e-11	1.136049999999999950e-11
3.646099999999999822e-11	1.159769999999999934e-11
1.806239999999999945e-11	1.018649999999999986e-11
5.196440000000000100e-11	1.213619999999999993e-11
6.416549999999999675e-11	1.240169999999999955e-11
9.785419999999999798e-11	1.282279999999999985e-11
7.827710000000000621e-11	1.261720000000000000e-11
2.050759999999999958e-11	1.047209999999999937e-11
2.753090000000000015e-11	1.108550000000000078e-11
4.456189999999999736e-11	1.191720000000000015e-11
2.058150000000000151e-11	1.048010000000000015e-11
7.853480000000000419e-11	1.262050000000000019e-11
4.241749999999999854e-11	1.184219999999999976e-11
7.330590000000000170e-11	1.254959999999999976e-11
4.376929999999999768e-11	1.189019999999999956e-11
8.998809999999999296e-12	8.486509999999999550e-12
7.557020000000000287e-11	1.258140000000000049e-11
7.885759999999999712e-11	1.262460000000000015e-11
4.341580000000000247e-11	1.187789999999999970e-11
2.954569999999999678e-11	1.122130000000000026e-11
3.341259999999999921e-11	1.144650000000000055e-11
9.053509999999999376e-11	1.275530000000000079e-11
5.722599999999999708e-11	1.226250000000000031e-11
5.887019999999999850e-11	1.229799999999999950e-11
9.275040000000000109e-11	1.277679999999999944e-11
1.667829999999999851e-11	1.000160000000000052e-11
3.398740000000000197e-11	1.147660000000000060e-11
2.032259999999999905e-11	1.045210000000000067e-11
3.208909999999999986e-11	1.137410000000000017e-11
8.717319999999999372e-11	1.272090000000000005e-11
3.018270000000000063e-11	1.126140000000000046e-11
1.003079999999999963e-10	1.284350000000000035e-11
