# C1[F/m] Ceq[F/m]
7.3087e-11 1.25464e-11
2.26508e-11 1.06873e-11
7.07049e-11 1.25109e-11
2.18371e-11 1.0609e-11
5.77671e-11 1.22744e-11
1.98339e-11 1.03981e-11
6.39042e-11 1.23969e-11
5.50515e-11 1.22128e-11
9.12142e-11 1.2762e-11
8.34949e-11 1.26804e-11
3.06567e-11 1.12904e-11
9.97733e-11 1.2839e-11
3.43487e-11 1.14951e-11
5.14392e-11 1.21224e-11
1.49816e-11 9.74706e-12
8.23634e-11 1.26673e-11
1.25682e-12 4.86649e-12
9.00008e-11 1.275e-11
5.24808e-11 1.21495e-11
9.47856e-11 1.27957e-11
3.16008e-11 1.13462e-11
2.82882e-11 1.11382e-11
5.91105e-11 1.2303e-11
3.43718e-11 1.14963e-11
9.58987e-11 1.28057e-11
4.82433e-11 1.20331e-11
4.75256e-11 1.20116e-11
4.07475e-11 1.17795e-11
7.81751e-11 1.26159e-11
8.70365e-11 1.27195e-11
8.48978e-11 1.26962e-11
7.25923e-11 1.25392e-11
8.54814e-12 8.35862e-12
1.28761e-11 9.37863e-12
2.79711e-11 1.11164e-11
1.20002e-11 9.20458e-12
6.8972e-11 1.24837e-11
4.72869e-11 1.20044e-11
4.13914e-11 1.18041e-11
8.78612e-11 1.27281e-11
9.8175e-11 1.28256e-11
2.33374e-11 1.07504e-11
9.78291e-12 8.69513e-12
2.29262e-11 1.07129e-11
5.94629e-11 1.23104e-11
7.39552e-12 8.00139e-12
9.1114e-11 1.2761e-11
4.8606e-11 1.20437e-11
6.83628e-12 7.81044e-12
7.02554e-11 1.2504e-11
9.34864e-11 1.27837e-11
7.17154e-11 1.25262e-11
3.54572e-11 1.15501e-11
6.74279e-11 1.24585e-11
7.23992e-11 1.25364e-11
5.85023e-11 1.22902e-11
1.77856e-11 1.0151e-11
5.53863e-11 1.22206e-11
6.79194e-11 1.24666e-11
5.84983e-11 1.22901e-11
3.32533e-11 1.1438e-11
7.15517e-11 1.25238e-11
2.04767e-11 1.04688e-11
6.57862e-12 7.71814e-12
2.36783e-11 1.07807e-11
1.76502e-12 5.25023e-12
7.57653e-11 1.2584e-11
5.40782e-11 1.21894e-11
4.19677e-11 1.18257e-11
6.77462e-11 1.24638e-11
1.73778e-11 1.00974e-11
8.30393e-11 1.26752e-11
2.48506e-11 1.08806e-11
3.18558e-11 1.13608e-11
7.01786e-11 1.25028e-11
1.778e-11 1.01503e-11
9.60061e-11 1.28067e-11
1.14576e-11 9.08965e-12
8.95255e-11 1.27452e-11
1.97439e-12 5.39884e-12
7.10127e-11 1.25156e-11
8.69875e-11 1.27189e-11
4.42173e-11 1.19056e-11
5.24054e-11 1.21476e-11
6.97098e-11 1.24954e-11
5.69684e-11 1.22568e-11
4.09215e-11 1.17862e-11
7.06681e-11 1.25104e-11
2.40955e-11 1.08171e-11
3.76251e-11 1.16503e-11
7.09196e-11 1.25142e-11
8.19022e-11 1.26619e-11
7.1385e-11 1.25213e-11
6.06955e-11 1.23355e-11
5.2452e-11 1.21488e-11
8.013e-11 1.26405e-11
8.01727e-11 1.2641e-11
5.08804e-11 1.21074e-11
1.0811e-11 8.94485e-12
7.86452e-11 1.26219e-11
7.92773e-11 1.26299e-11
2.47653e-11 1.08736e-11
9.31628e-11 1.27807e-11
8.42464e-11 1.2689e-11
1.20844e-12 4.82815e-12
2.13528e-11 1.05605e-11
8.62279e-11 1.27108e-11
8.26416e-11 1.26706e-11
4.44651e-11 1.1914e-11
3.93668e-11 1.17243e-11
8.43064e-11 1.26896e-11
5.62993e-12 7.35202e-12
4.79563e-11 1.20246e-11
4.73237e-11 1.20055e-11
3.57812e-11 1.15657e-11
3.88249e-11 1.17019e-11
9.98934e-11 1.284e-11
5.47803e-12 7.28923e-12
6.75607e-11 1.24607e-11
4.2385e-11 1.18411e-11
3.93645e-11 1.17243e-11
2.31189e-11 1.07306e-11
3.73947e-12 6.4717e-12
2.05381e-11 1.04754e-11
4.16097e-11 1.18124e-11
3.64223e-11 1.15959e-11
7.22256e-11 1.25338e-11
1.08973e-11 8.96469e-12
6.25025e-11 1.23707e-11
6.73857e-11 1.24578e-11
1.3632e-11 9.51845e-12
6.83207e-11 1.24732e-11
9.65005e-11 1.2811e-11
9.41911e-11 1.27902e-11
4.62784e-11 1.19731e-11
7.08293e-11 1.25128e-11
1.59978e-11 9.90351e-12
9.62108e-11 1.28085e-11
1.97609e-11 1.03899e-11
2.14938e-11 1.05748e-11
9.37193e-12 8.58789e-12
4.80299e-11 1.20268e-11
2.17327e-11 1.05987e-11
4.9575e-12 7.06439e-12
7.33697e-11 1.25505e-11
4.94981e-11 1.20693e-11
9.41362e-11 1.27897e-11
6.10067e-11 1.23417e-11
6.808e-11 1.24693e-11
1.00015e-10 1.2841e-11
9.03462e-11 1.27535e-11
1.78562e-11 1.01601e-11
2.31886e-12 5.63237e-12
3.42215e-11 1.14887e-11
9.49949e-11 1.27976e-11
4.59995e-11 1.19643e-11
2.00484e-11 1.0422e-11
7.4534e-11 1.2567e-11
1.36356e-11 9.5191e-12
1.76769e-11 1.01369e-11
7.69181e-11 1.25995e-11
2.54922e-11 1.09325e-11
2.7569e-11 1.10882e-11
2.41706e-11 1.08235e-11
5.94072e-11 1.23092e-11
1.25743e-11 9.32018e-12
3.7028e-11 1.16236e-11
9.51183e-11 1.27987e-11
1.15013e-11 9.09911e-12
5.17937e-12 7.16211e-12
1.00868e-10 1.2848e-11
9.69854e-11 1.28153e-11
6.22907e-11 1.23667e-11
3.46859e-11 1.15122e-11
3.96515e-11 1.1736e-11
9.12431e-11 1.27623e-11
6.37022e-11 1.23932e-11
3.82426e-11 1.16771e-11
4.68682e-11 1.19915e-11
5.48296e-11 1.22075e-11
7.89216e-11 1.26254e-11
3.21252e-11 1.13761e-11
5.57267e-11 1.22285e-11
4.62128e-11 1.1971e-11
4.77483e-11 1.20183e-11
8.51712e-11 1.26993e-11
7.71427e-11 1.26025e-11
1.66622e-11 9.99937e-12
4.18164e-11 1.18201e-11
5.05369e-11 1.20981e-11
3.31e-11 1.14298e-11
8.48621e-11 1.26958e-11
1.56148e-11 9.84601e-12
8.07758e-11 1.26484e-11
7.06164e-11 1.25096e-11
8.58892e-11 1.27071e-11
8.38639e-11 1.26846e-11
1.53571e-11 9.80632e-12
5.54257e-11 1.22215e-11
8.29881e-11 1.26746e-11
8.88756e-11 1.27386e-11
2.68687e-11 1.10377e-11
5.5029e-11 1.22122e-11
8.78609e-11 1.27281e-11
1.24549e-11 9.29663e-12
4.50918e-11 1.19348e-11
9.76451e-12 8.69043e-12
3.22899e-11 1.13854e-11
9.67643e-11 1.28134e-11
2.80973e-11 1.11251e-11
8.94166e-12 8.47063e-12
6.43531e-11 1.24051e-11
8.16395e-11 1.26588e-11
1.80658e-11 1.01869e-11
3.98134e-11 1.17425e-11
8.6632e-11 1.27151e-11
7.32246e-11 1.25484e-11
3.80946e-11 1.16708e-11
7.76243e-11 1.26088e-11
2.18018e-11 1.06055e-11
1.04006e-11 8.84818e-12
8.01347e-12 8.1986e-12
4.50785e-11 1.19344e-11
6.03549e-12 7.51383e-12
5.29943e-11 1.21626e-11
6.74164e-11 1.24583e-11
3.00675e-11 1.12542e-11
9.1138e-11 1.27613e-11
8.99402e-11 1.27494e-11
9.47583e-11 1.27954e-11
7.02264e-11 1.25035e-11
3.10377e-11 1.13132e-11
8.68223e-11 1.27172e-11
2.58361e-11 1.09595e-11
2.18036e-11 1.06057e-11
7.60385e-11 1.25877e-11
9.69483e-12 8.67253e-12
9.59985e-11 1.28066e-11
6.31401e-11 1.23828e-11
9.4857e-11 1.27963e-11
8.90789e-11 1.27407e-11
5.87738e-11 1.2296e-11
6.045e-11 1.23306e-11
5.33233e-12 7.22783e-12
7.86883e-11 1.26225e-11
4.92609e-11 1.20625e-11
1.4034e-11 9.58923e-12
2.91752e-11 1.11974e-11
2.08982e-12 5.47858e-12
3.02269e-11 1.12641e-11
9.1748e-11 1.27672e-11
8.03332e-11 1.2643e-11
8.18856e-11 1.26617e-11
6.80512e-11 1.24688e-11
5.07729e-11 1.21045e-11
5.77661e-11 1.22743e-11
8.08817e-11 1.26497e-11
4.94602e-11 1.20682e-11
8.91398e-11 1.27413e-11
1.00994e-10 1.28491e-11
2.22906e-11 1.06531e-11
4.74305e-11 1.20088e-11
6.22336e-11 1.23656e-11
7.13123e-11 1.25202e-11
3.00021e-12 6.05782e-12
5.57931e-11 1.22301e-11
9.01996e-11 1.2752e-11
6.33806e-11 1.23872e-11
6.94228e-11 1.24909e-11
3.22622e-11 1.13838e-11
6.92819e-11 1.24887e-11
7.87871e-11 1.26237e-11
5.06859e-11 1.21022e-11
7.09614e-11 1.25148e-11
1.00154e-10 1.28422e-11
2.05609e-11 1.04778e-11
1.22107e-11 9.24767e-12
9.98132e-12 8.74532e-12
3.52681e-11 1.15409e-11
3.58498e-11 1.1569e-11
3.99044e-11 1.17462e-11
4.89452e-11 1.20535e-11
4.86435e-11 1.20448e-11
9.00674e-11 1.27507e-11
8.96406e-11 1.27464e-11
7.10724e-11 1.25165e-11
6.95362e-11 1.24927e-11
3.59565e-11 1.1574e-11
6.64127e-11 1.24413e-11
8.54236e-11 1.2702e-11
6.80078e-11 1.24681e-11
4.89706e-11 1.20542e-11
3.96251e-11 1.17349e-11
9.43753e-12 8.60531e-12
9.18889e-11 1.27685e-11
4.70472e-11 1.19971e-11
5.08247e-11 1.21059e-11
5.43115e-11 1.21951e-11
3.0062e-11 1.12539e-11
7.81238e-11 1.26152e-11
2.69999e-11 1.10473e-11
9.50466e-11 1.2798e-11
6.41172e-11 1.24008e-11
1.59052e-11 9.88977e-12
9.80537e-11 1.28245e-11
6.64125e-11 1.24413e-11
7.81967e-11 1.26162e-11
7.40163e-11 1.25598e-11
6.98786e-11 1.24981e-11
5.57397e-11 1.22288e-11
9.85457e-11 1.28287e-11
7.97041e-11 1.26352e-11
2.14736e-12 5.51776e-12
3.91808e-11 1.17167e-11
8.40001e-11 1.26862e-11
8.32493e-11 1.26776e-11
6.58305e-11 1.24313e-11
8.45581e-11 1.26924e-11
5.50265e-11 1.22122e-11
3.92044e-11 1.17177e-11
2.81471e-11 1.11286e-11
1.58923e-11 9.88785e-12
8.67285e-11 1.27162e-11
7.41066e-11 1.2561e-11
2.28041e-11 1.07016e-11
7.15128e-11 1.25232e-11
1.61276e-11 9.92263e-12
3.81717e-11 1.16741e-11
6.38261e-11 1.23955e-11
4.301e-11 1.18636e-11
4.97387e-11 1.2076e-11
5.0746e-11 1.21038e-11
3.57022e-11 1.15619e-11
7.79129e-11 1.26125e-11
1.00726e-10 1.28469e-11
9.9658e-11 1.28381e-11
3.83442e-11 1.16815e-11
1.07061e-12 4.71707e-12
9.4679e-11 1.27947e-11
8.59275e-11 1.27075e-11
1.57977e-11 9.87369e-12
6.11217e-11 1.2344e-11
2.09106e-12 5.47943e-12
1.22603e-11 9.25769e-12
1.58788e-11 9.88583e-12
4.10408e-11 1.17908e-11
4.71666e-11 1.20007e-11
6.40692e-11 1.23999e-11
4.03789e-11 1.1765e-11
5.98351e-11 1.23181e-11
3.35222e-11 1.14523e-11
4.2807e-11 1.18563e-11
3.40212e-11 1.14784e-11
5.26858e-11 1.21547e-11
7.9574e-11 1.26336e-11
7.17835e-11 1.25273e-11
7.05402e-11 1.25084e-11
5.58291e-11 1.22309e-11
7.20203e-11 1.25308e-11
3.22513e-11 1.13832e-11
1.315e-11 9.43035e-12
7.80125e-11 1.26138e-11
1.35795e-12 4.9456e-12
8.63086e-11 1.27117e-11
6.15615e-11 1.23526e-11
3.02944e-11 1.12683e-11
5.19505e-11 1.21358e-11
1.75472e-11 1.01199e-11
8.50087e-12 8.34485e-12
8.90159e-11 1.27401e-11
9.48724e-11 1.27965e-11
8.24371e-11 1.26682e-11
1.84544e-11 1.02356e-11
5.1313e-11 1.2119e-11
1.49344e-11 9.73948e-12
2.3917e-11 1.08016e-11
1.50385e-11 9.75615e-12
9.59939e-11 1.28065e-11
5.49703e-11 1.22108e-11
6.54433e-11 1.24245e-11
9.65839e-11 1.28118e-11
8.64461e-11 1.27132e-11
6.10894e-11 1.23433e-11
4.23652e-11 1.18403e-11
4.63673e-11 1.19759e-11
5.63149e-12 7.35266e-12
1.6088e-11 9.91681e-12
3.45826e-11 1.1507e-11
1.82238e-11 1.02069e-11
9.21962e-11 1.27715e-11
3.71822e-11 1.16306e-11
5.46332e-11 1.22028e-11
8.82452e-12 8.43778e-12
5.91864e-12 7.46806e-12
8.01932e-11 1.26413e-11
3.20404e-11 1.13713e-11
6.99815e-11 1.24997e-11
7.0633e-11 1.25098e-11
1.0953e-12 4.73718e-12
5.53782e-11 1.22204e-11
6.2563e-11 1.23719e-11
3.32848e-11 1.14397e-11
9.5822e-11 1.2805e-11
1.00157e-10 1.28422e-11
4.93087e-11 1.20639e-11
3.83636e-11 1.16823e-11
5.16738e-11 1.21286e-11
6.66946e-11 1.24461e-11
2.82929e-11 1.11385e-11
4.98385e-11 1.20788e-11
9.41442e-11 1.27898e-11
1.21964e-11 9.24476e-12
3.31724e-11 1.14337e-11
9.10904e-11 1.27608e-11
2.22287e-11 1.06472e-11
8.04626e-11 1.26446e-11
2.66515e-11 1.10216e-11
2.27206e-11 1.06938e-11
2.28794e-11 1.07086e-11
6.2112e-11 1.23633e-11
5.50785e-11 1.22134e-11
5.74201e-11 1.22668e-11
5.49214e-11 1.22097e-11
8.4146e-11 1.26878e-11
5.01929e-11 1.20887e-11
7.99763e-11 1.26386e-11
6.17405e-11 1.23561e-11
6.84243e-11 1.24749e-11
1.74382e-11 1.01054e-11
2.17205e-11 1.05975e-11
5.59654e-11 1.22341e-11
2.00044e-12 5.41697e-12
8.14309e-12 8.23826e-12
9.67901e-11 1.28136e-11
5.08343e-11 1.21062e-11
2.16844e-11 1.05939e-11
8.51981e-11 1.26996e-11
7.43239e-11 1.25641e-11
8.26982e-11 1.26712e-11
1.73469e-11 1.00933e-11
4.0031e-11 1.17512e-11
1.83975e-11 1.02286e-11
8.33823e-11 1.26791e-11
7.21067e-11 1.25321e-11
2.73033e-11 1.10693e-11
6.31167e-11 1.23823e-11
7.91245e-12 8.16729e-12
1.00177e-10 1.28424e-11
2.35373e-11 1.07682e-11
6.02358e-12 7.5092e-12
8.70116e-12 8.40274e-12
3.68443e-11 1.16153e-11
1.12743e-11 9.04949e-12
5.12531e-11 1.21174e-11
5.68059e-11 1.22531e-11
8.61539e-11 1.271e-11
8.15719e-11 1.2658e-11
5.59577e-11 1.22339e-11
6.11601e-11 1.23447e-11
3.23728e-11 1.139e-11
2.42666e-11 1.08317e-11
7.31274e-11 1.2547e-11
1.2735e-12 4.87964e-12
6.03037e-11 1.23276e-11
3.07304e-11 1.12948e-11
7.804e-11 1.26142e-11
5.39851e-11 1.21871e-11
4.20236e-11 1.18278e-11
1.55341e-11 9.83366e-12
5.63261e-11 1.22423e-11
1.47632e-11 9.71176e-12
2.26325e-11 1.06856e-11
6.77196e-11 1.24633e-11
7.12747e-11 1.25196e-11
4.12772e-12 6.67172e-12
4.54336e-11 1.1946e-11
5.04754e-11 1.20964e-11
7.91454e-11 1.26282e-11
6.54746e-11 1.24251e-11
3.83782e-11 1.1683e-11
8.56575e-11 1.27046e-11
4.52383e-11 1.19397e-11
5.45807e-11 1.22015e-11
2.16164e-11 1.05871e-11
1.83509e-11 1.02228e-11
6.29312e-12 7.61244e-12
4.08492e-11 1.17834e-11
2.67205e-11 1.10267e-11
5.49132e-11 1.22095e-11
8.25579e-11 1.26696e-11
3.81502e-12 6.5115e-12
7.18358e-11 1.2528e-11
1.91721e-12 5.35877e-12
1.75641e-11 1.01221e-11
8.10966e-11 1.26523e-11
2.22467e-11 1.06489e-11
5.01396e-11 1.20872e-11
4.14379e-11 1.18059e-11
4.08288e-11 1.17826e-11
9.62071e-11 1.28084e-11
7.15642e-11 1.2524e-11
7.42385e-11 1.25629e-11
4.58576e-11 1.19597e-11
9.67535e-11 1.28133e-11
7.7518e-11 1.26074e-11
9.95395e-11 1.28371e-11
3.7994e-11 1.16664e-11
4.58812e-11 1.19605e-11
1.00673e-10 1.28464e-11
6.05058e-11 1.23317e-11
6.3043e-11 1.23809e-11
7.16513e-11 1.25253e-11
7.38823e-11 1.25579e-11
7.32288e-11 1.25485e-11
2.06246e-11 1.04846e-11
3.48699e-11 1.15213e-11
8.22845e-11 1.26664e-11
7.1532e-11 1.25235e-11
5.58109e-11 1.22305e-11
8.96369e-11 1.27464e-11
8.70502e-11 1.27196e-11
9.76143e-11 1.28208e-11
8.7461e-11 1.27239e-11
8.3336e-11 1.26786e-11
6.35995e-11 1.23913e-11
6.08458e-11 1.23385e-11
4.42822e-11 1.19078e-11
6.18969e-11 1.23591e-11
7.8156e-11 1.26156e-11
3.75895e-11 1.16487e-11
1.46619e-11 9.69517e-12
3.25411e-11 1.13993e-11
4.99028e-12 7.07901e-12
6.23337e-11 1.23675e-11
6.64072e-12 7.74064e-12
1.49622e-11 9.74394e-12
5.24878e-11 1.21497e-11
3.25723e-11 1.14011e-11
1.97153e-12 5.39685e-12
9.32401e-11 1.27814e-11
5.93977e-11 1.2309e-11
7.51196e-11 1.25752e-11
4.13357e-11 1.1802e-11
1.37941e-11 9.54728e-12
9.33512e-11 1.27824e-11
9.69701e-11 1.28152e-11
4.12881e-11 1.18002e-11
2.56934e-11 1.09484e-11
8.27753e-11 1.26721e-11
4.64474e-11 1.19784e-11
6.16513e-11 1.23544e-11
4.00363e-12 6.609e-12
6.3229e-11 1.23844e-11
6.5162e-11 1.24195e-11
2.94714e-11 1.12165e-11
6.07486e-11 1.23365e-11
4.64602e-11 1.19788e-11
5.3615e-11 1.2178e-11
4.34012e-11 1.18774e-11
3.56913e-11 1.15614e-11
6.09449e-11 1.23405e-11
1.46515e-11 9.69345e-12
2.63409e-12 5.83491e-12
5.83889e-11 1.22878e-11
1.42434e-11 9.62516e-12
5.54545e-11 1.22222e-11
6.16885e-11 1.23551e-11
1.41332e-11 9.60632e-12
3.62773e-11 1.15891e-11
1.29367e-11 9.39018e-12
5.98208e-11 1.23178e-11
3.98671e-11 1.17447e-11
2.14728e-11 1.05727e-11
8.72759e-11 1.2722e-11
1.24112e-11 9.28794e-12
8.8377e-11 1.27335e-11
2.47038e-11 1.08685e-11
3.53372e-11 1.15443e-11
6.36415e-11 1.23921e-11
7.34077e-11 1.25511e-11
1.77664e-11 1.01485e-11
3.21623e-11 1.13782e-11
5.6186e-11 1.22391e-11
4.27729e-11 1.18551e-11
6.09446e-11 1.23404e-11
5.38842e-11 1.21847e-11
5.30717e-11 1.21645e-11
9.13423e-11 1.27632e-11
2.90859e-11 1.11915e-11
4.04919e-11 1.17695e-11
8.5415e-11 1.27019e-11
7.61672e-11 1.25895e-11
3.88933e-11 1.17047e-11
2.48151e-11 1.08777e-11
2.30549e-11 1.07247e-11
6.29005e-11 1.23783e-11
7.04831e-11 1.25075e-11
4.84087e-11 1.20379e-11
6.6481e-11 1.24425e-11
6.8418e-11 1.24748e-11
8.05945e-11 1.26462e-11
1.10592e-11 9.00148e-12
5.395e-11 1.21863e-11
8.82022e-11 1.27317e-11
1.89042e-11 1.02903e-11
1.28197e-11 9.36782e-12
4.55631e-12 6.88013e-12
2.23495e-11 1.06588e-11
9.85191e-11 1.28285e-11
3.93875e-11 1.17252e-11
3.53569e-11 1.15453e-11
9.73543e-11 1.28185e-11
7.77978e-11 1.2611e-11
5.73206e-11 1.22646e-11
6.67942e-11 1.24478e-11
3.61635e-11 1.15838e-11
3.16647e-11 1.13499e-11
8.33966e-11 1.26793e-11
4.12427e-11 1.17985e-11
4.69316e-11 1.19935e-11
6.92498e-11 1.24882e-11
2.95774e-11 1.12233e-11
5.04253e-11 1.20951e-11
7.43738e-11 1.25648e-11
7.64849e-11 1.25937e-11
4.49237e-11 1.19293e-11
6.52026e-11 1.24203e-11
3.87835e-11 1.17001e-11
5.16133e-11 1.2127e-11
3.9841e-11 1.17436e-11
7.47905e-11 1.25706e-11
5.47435e-11 1.22054e-11
6.67132e-11 1.24464e-11
4.87109e-11 1.20467e-11
5.38606e-11 1.21841e-11
9.76953e-11 1.28215e-11
4.35063e-12 6.78167e-12
6.33467e-11 1.23866e-11
8.8377e-11 1.27335e-11
6.00496e-11 1.23224e-11
2.06818e-11 1.04907e-11
2.11309e-11 1.05378e-11
2.56806e-11 1.09474e-11
2.97785e-11 1.12361e-11
3.44688e-11 1.15012e-11
9.99287e-11 1.28403e-11
1.19426e-11 9.19266e-12
8.99192e-11 1.27492e-11
9.5589e-11 1.28029e-11
8.15555e-11 1.26578e-11
9.30721e-11 1.27798e-11
9.29475e-11 1.27786e-11
4.24682e-11 1.18441e-11
1.7481e-11 1.01111e-11
3.87248e-11 1.16977e-11
4.98114e-11 1.20781e-11
8.68607e-11 1.27176e-11
4.56279e-11 1.19523e-11
7.01802e-11 1.25028e-11
8.61605e-11 1.27101e-11
1.43538e-11 9.64386e-12
1.30042e-11 9.40297e-12
9.52899e-11 1.28002e-11
9.84242e-11 1.28277e-11
8.94073e-11 1.2744e-11
7.34897e-12 7.98597e-12
3.3445e-11 1.14482e-11
9.20278e-11 1.27699e-11
6.26011e-11 1.23726e-11
4.21561e-11 1.18327e-11
2.8625e-11 1.1161e-11
9.41107e-11 1.27895e-11
4.99916e-11 1.20831e-11
7.17516e-11 1.25268e-11
8.8484e-12 8.44451e-12
8.68092e-11 1.2717e-11
3.5625e-11 1.15582e-11
3.37994e-12 6.27612e-12
6.00723e-11 1.23229e-11
5.484e-11 1.22077e-11
1.91356e-11 1.03178e-11
9.7434e-11 1.28192e-11
4.58993e-11 1.19611e-11
3.19298e-11 1.13651e-11
9.27359e-11 1.27766e-11
3.74214e-11 1.16412e-11
2.72288e-11 1.10639e-11
9.26372e-11 1.27757e-11
3.81242e-11 1.1672e-11
4.47866e-11 1.19247e-11
8.74758e-11 1.27241e-11
5.57257e-11 1.22285e-11
3.26544e-12 6.21161e-12
2.74823e-11 1.10821e-11
3.94565e-11 1.1728e-11
4.23206e-11 1.18387e-11
6.0717e-11 1.23359e-11
5.73665e-11 1.22656e-11
9.28584e-11 1.27778e-11
1.13459e-11 9.06526e-12
5.6752e-11 1.22519e-11
6.20588e-11 1.23622e-11
1.22281e-11 9.25119e-12
1.52506e-11 9.7897e-12
6.7167e-11 1.24541e-11
9.13804e-11 1.27636e-11
8.35786e-11 1.26814e-11
9.40034e-11 1.27885e-11
5.30737e-11 1.21646e-11
3.95082e-11 1.17301e-11
2.22653e-11 1.06507e-11
8.68798e-11 1.27178e-11
9.53148e-11 1.28005e-11
5.46942e-11 1.22043e-11
7.471e-12 8.02623e-12
9.71073e-11 1.28164e-11
1.96601e-11 1.03785e-11
1.00463e-10 1.28447e-11
9.45295e-11 1.27933e-11
4.9126e-11 1.20587e-11
4.58254e-11 1.19587e-11
2.38382e-11 1.07948e-11
1.21852e-11 9.24248e-12
6.5748e-11 1.24298e-11
1.60272e-11 9.90787e-12
7.09389e-11 1.25145e-11
2.24992e-11 1.0673e-11
1.00937e-10 1.28486e-11
3.34141e-11 1.14466e-11
3.53075e-12 6.35943e-12
1.25188e-11 9.30926e-12
3.48634e-11 1.1521e-11
6.73727e-11 1.24576e-11
9.52324e-11 1.27997e-11
2.00449e-11 1.04217e-11
9.43175e-11 1.27914e-11
8.71162e-11 1.27203e-11
4.94937e-11 1.20692e-11
2.38006e-11 1.07915e-11
3.24992e-11 1.1397e-11
8.27143e-11 1.26714e-11
2.85312e-11 1.11547e-11
1.00454e-10 1.28446e-11
3.7657e-11 1.16517e-11
5.53127e-11 1.22189e-11
3.4602e-11 1.15079e-11
1.36327e-11 9.51858e-12
4.18327e-11 1.18207e-11
6.64591e-11 1.24421e-11
9.07148e-11 1.27571e-11
9.34957e-11 1.27838e-11
1.44371e-11 9.65786e-12
8.02503e-11 1.2642e-11
6.89363e-11 1.24832e-11
8.84167e-11 1.27339e-11
7.24971e-11 1.25378e-11
5.66959e-11 1.22507e-11
9.54653e-12 8.634e-12
1.62618e-11 9.94219e-12
8.97316e-12 8.4794e-12
9.12207e-11 1.27621e-11
2.58954e-11 1.09641e-11
4.76376e-11 1.2015e-11
7.26348e-11 1.25399e-11
2.13634e-11 1.05616e-11
4.07901e-11 1.17811e-11
5.71467e-11 1.22607e-11
6.33118e-11 1.2386e-11
5.18923e-11 1.21343e-11
3.95763e-11 1.17329e-11
2.9996e-12 6.05746e-12
1.28689e-11 9.37725e-12
7.85661e-11 1.26209e-11
7.07167e-11 1.25111e-11
1.11609e-11 9.02431e-12
4.51582e-11 1.1937e-11
1.93521e-11 1.03431e-11
3.03809e-11 1.12736e-11
9.00094e-11 1.27501e-11
9.0562e-11 1.27556e-11
9.5871e-11 1.28055e-11
8.79877e-11 1.27295e-11
8.9492e-11 1.27449e-11
6.30051e-11 1.23802e-11
9.18748e-11 1.27684e-11
7.73027e-11 1.26046e-11
2.93744e-11 1.12103e-11
1.54704e-11 9.82388e-12
4.38661e-11 1.18935e-11
2.37902e-11 1.07906e-11
5.10856e-11 1.2113e-11
3.22009e-11 1.13804e-11
7.25697e-11 1.25389e-11
5.83273e-11 1.22865e-11
4.09396e-11 1.17869e-11
1.49724e-11 9.74557e-12
6.36966e-11 1.23931e-11
3.7743e-11 1.16555e-11
2.84819e-11 1.11514e-11
7.71638e-11 1.26027e-11
3.2084e-11 1.13738e-11
2.89879e-11 1.11851e-11
8.95305e-11 1.27453e-11
3.89104e-11 1.17054e-11
9.90753e-11 1.28332e-11
6.41269e-11 1.2401e-11
6.64657e-11 1.24422e-11
7.09954e-11 1.25154e-11
6.19903e-11 1.23609e-11
6.29159e-11 1.23786e-11
2.664e-12 5.8536e-12
9.46057e-11 1.2794e-11
2.72285e-11 1.10639e-11
6.53108e-11 1.24222e-11
5.18477e-11 1.21331e-11
9.1254e-11 1.27624e-11
1.2162e-11 9.23778e-12
8.80999e-11 1.27306e-11
6.3632e-11 1.23919e-11
9.46598e-11 1.27945e-11
8.3249e-11 1.26776e-11
8.28658e-11 1.26732e-11
8.57726e-11 1.27059e-11
7.14409e-11 1.25221e-11
5.59667e-11 1.22341e-11
9.86222e-11 1.28294e-11
6.85153e-11 1.24764e-11
8.6947e-11 1.27185e-11
5.45398e-11 1.22006e-11
5.25184e-11 1.21505e-11
2.05652e-11 1.04783e-11
9.94726e-11 1.28365e-11
3.92761e-11 1.17206e-11
7.99702e-11 1.26385e-11
1.79466e-11 1.01718e-11
5.50356e-11 1.22124e-11
2.86839e-11 1.11649e-11
9.99796e-11 1.28407e-11
3.29213e-12 6.22675e-12
1.38101e-12 4.96343e-12
3.53081e-11 1.15429e-11
4.05993e-11 1.17737e-11
9.70005e-11 1.28154e-11
5.52883e-12 7.31037e-12
1.4335e-11 9.64068e-12
1.00984e-10 1.2849e-11
3.60783e-11 1.15798e-11
1.47922e-11 9.71647e-12
7.70407e-11 1.26011e-11
8.69376e-11 1.27184e-11
6.26968e-12 7.6036e-12
1.36443e-12 4.95061e-12
5.81813e-11 1.22833e-11
1.00022e-10 1.28411e-11
5.18605e-11 1.21335e-11
8.94413e-11 1.27444e-11
3.00364e-11 1.12523e-11
6.26242e-12 7.60085e-12
3.02108e-11 1.12631e-11
6.40195e-11 1.2399e-11
6.4833e-11 1.24137e-11
6.53604e-12 7.7026e-12
6.76714e-11 1.24625e-11
2.74957e-11 1.1083e-11
7.97504e-11 1.26358e-11
1.98861e-11 1.0404e-11
7.72971e-11 1.26045e-11
6.05237e-11 1.2332e-11
4.97045e-11 1.20751e-11
2.987e-11 1.12418e-11
2.33382e-11 1.07504e-11
7.02021e-11 1.25032e-11
9.27931e-11 1.27772e-11
5.27636e-11 1.21567e-11
4.34645e-11 1.18796e-11
3.53725e-11 1.1546e-11
5.14449e-11 1.21225e-11
8.00992e-11 1.26401e-11
9.37529e-11 1.27862e-11
2.1105e-11 1.05351e-11
7.49676e-11 1.25731e-11
4.98139e-11 1.20781e-11
4.90535e-11 1.20566e-11
3.61857e-11 1.15848e-11
1.08284e-11 8.94887e-12
1.62394e-11 9.93893e-12
1.57964e-11 9.87349e-12
3.10005e-11 1.1311e-11
3.16259e-11 1.13477e-11
6.90519e-11 1.2485e-11
4.25874e-11 1.18484e-11
1.88871e-11 1.02882e-11
6.59062e-11 1.24326e-11
3.32268e-12 6.244e-12
6.1892e-11 1.2359e-11
3.99542e-11 1.17482e-11
3.93185e-11 1.17224e-11
5.036e-11 1.20933e-11
5.6152e-11 1.22383e-11
5.64073e-11 1.22441e-11
1.382e-11 9.55185e-12
7.83659e-11 1.26183e-11
1.37968e-11 9.54775e-12
9.03454e-11 1.27534e-11
2.18924e-11 1.06145e-11
2.97652e-11 1.12352e-11
3.93732e-11 1.17246e-11
1.99739e-11 1.04138e-11
6.96223e-11 1.24941e-11
9.65213e-11 1.28112e-11
6.07149e-11 1.23359e-11
7.98173e-11 1.26366e-11
6.49816e-11 1.24163e-11
8.23268e-11 1.26669e-11
1.34294e-11 9.48186e-12
8.66483e-11 1.27153e-11
9.29473e-11 1.27786e-11
3.89881e-12 6.55514e-12
8.2497e-11 1.26689e-11
5.68102e-11 1.22532e-11
7.57941e-11 1.25844e-11
2.09724e-11 1.05213e-11
4.99408e-11 1.20817e-11
9.08916e-12 8.51143e-12
7.46808e-11 1.25691e-11
1.78425e-11 1.01584e-11
2.80619e-11 1.11227e-11
4.96881e-11 1.20746e-11
3.75309e-11 1.16461e-11
6.97252e-11 1.24957e-11
4.37538e-11 1.18897e-11
1.27468e-11 9.35378e-12
1.55418e-11 9.83484e-12
7.10734e-11 1.25166e-11
8.0919e-11 1.26501e-11
8.81165e-11 1.27308e-11
6.93418e-11 1.24896e-11
7.90628e-11 1.26272e-11
9.33543e-11 1.27825e-11
9.97748e-11 1.2839e-11
9.82325e-11 1.28261e-11
9.10549e-11 1.27604e-11
5.66777e-12 7.36747e-12
9.82502e-11 1.28262e-11
3.67396e-11 1.16105e-11
6.05031e-11 1.23316e-11
5.48478e-11 1.22079e-11
4.73663e-11 1.20068e-11
5.8797e-11 1.22964e-11
1.39459e-11 9.57391e-12
8.82624e-11 1.27323e-11
6.19476e-11 1.23601e-11
9.32485e-12 8.57532e-12
7.81211e-11 1.26152e-11
7.35288e-11 1.25528e-11
7.70744e-11 1.26016e-11
3.15832e-11 1.13452e-11
5.27321e-11 1.21559e-11
6.17939e-11 1.23571e-11
7.32536e-11 1.25489e-11
8.55998e-11 1.2704e-11
8.56442e-11 1.27045e-11
9.68535e-12 8.67008e-12
1.532e-11 9.80055e-12
7.25817e-11 1.25391e-11
5.74826e-11 1.22681e-11
6.91874e-11 1.24872e-11
6.73045e-11 1.24564e-11
3.18497e-11 1.13605e-11
3.6461e-11 1.15977e-11
1.80624e-11 1.01865e-11
5.19644e-11 1.21362e-11
6.41655e-11 1.24017e-11
9.78542e-11 1.28228e-11
7.82771e-11 1.26172e-11
2.05076e-11 1.04721e-11
2.75309e-11 1.10855e-11
4.45619e-11 1.19172e-11
2.05815e-11 1.04801e-11
7.85348e-11 1.26205e-11
4.24175e-11 1.18422e-11
7.33059e-11 1.25496e-11
4.37693e-11 1.18902e-11
8.99881e-12 8.48651e-12
7.55702e-11 1.25814e-11
7.88576e-11 1.26246e-11
4.34158e-11 1.18779e-11
2.95457e-11 1.12213e-11
3.34126e-11 1.14465e-11
9.05351e-11 1.27553e-11
5.7226e-11 1.22625e-11
5.88702e-11 1.2298e-11
9.27504e-11 1.27768e-11
1.66783e-11 1.00016e-11
3.39874e-11 1.14766e-11
2.03226e-11 1.04521e-11
3.20891e-11 1.13741e-11
8.71732e-11 1.27209e-11
3.01827e-11 1.12614e-11
1.00308e-10 1.28435e-11
