-0.422
3.448
6.830
5.564
-12.390
8.899
3.330
-9.926
-12.003
1.218
9.620
-17.017
5.170
-0.701
0.763
-10.354
-7.825
12.027
-1.899
1.964
2.506
-0.750
-12.222
-1.710
6.987
9.819
12.589
7.931
-21.039
7.239
1.652
9.677
10.726
-0.948
-8.114
-3.766
5.189
0.893
-9.227
7.813
0.005
4.426
-2.275
3.005
-19.263
3.513
6.067
14.246
-4.920
5.194
7.004
4.742
9.412
-4.579
-7.401
-8.601
10.177
4.148
0.557
0.085
2.475
8.568
2.634
-6.469
7.182
-10.866
9.427
29.297
8.688
-0.045
6.065
7.417
3.662
2.051
-0.064
7.427
-0.162
-0.928
0.980
7.107
18.645
3.329
8.024
4.127
-5.023
-0.231
-3.638
2.334
-9.719
-2.288
-0.660
-23.725
-7.471
9.319
-12.225
-6.109
14.437
9.464
-4.167
-4.087
-0.598
0.865
-11.097
14.918
0.446
-5.669
-1.280
-11.950
4.478
-8.299
15.250
-3.167
-13.803
19.931
14.949
-8.986
8.335
-17.100
-2.329
0.252
0.042
-2.060
-6.900
1.310
-10.725
7.200
-2.737
0.392
10.306
-18.609
17.135
-9.806
18.268
15.857
-4.017
1.269
-1.512
6.934
1.755
-0.893
15.312
-1.505
-13.768
-20.766
-5.396
16.670
-11.560
-6.822
15.349
5.512
-21.912
-4.049
-2.643
-13.690
-11.444
17.408
24.111
-12.882
-13.855
-9.626
4.101
7.921
-0.305
2.159
14.359
-4.545
14.944
-10.730
9.087
2.341
3.086
-1.302
6.050
-12.255
2.579
4.693
-7.687
4.329
1.667
5.657
-10.254
15.092
-3.183
-4.551
-2.336
9.264
-1.086
15.558
0.881
-15.638
-13.473
-10.314
7.117
-14.700
9.941
4.894
2.060
-7.596
-4.118
-22.523
13.355
-6.568
20.210
7.760
-6.460
-2.929
-2.011
-8.325
-9.636
3.732
2.010
0.451
-17.112
-10.159
3.018
-6.044
-11.144
21.704
-7.865
-10.292
24.545
-11.484
0.012
-9.060
3.996
3.725
1.191
2.841
-10.706
7.478
11.985
-7.864
-1.588
11.418
-10.930
6.222
-18.395
-5.532
-4.773
7.963
11.520
14.472
-2.607
-8.201
6.257
-8.971
-2.624
2.502
-2.916
-20.813
2.267
3.171
1.050
-15.442
-4.238
12.753
2.185
-10.785
12.447
21.672
3.922
-11.030
2.372
13.816
-4.169
-4.745
0.228
17.208
-0.012
-2.041
1.156
-4.451
-3.011
3.429
11.777
9.162
8.409
-8.824
-6.855
-3.066
2.600
15.910
-3.364
18.745
-24.893
3.856
9.033
-6.161
5.334
-8.995
-22.829
5.338
8.167
-9.814
-6.037
13.571
-11.113
5.367
-21.336
-0.587
-1.223
18.154
-11.124
-5.295
-2.187
0.385
-12.654
-1.442
-0.757
18.423
5.651
-0.018
0.240
12.371
4.304
-3.002
2.302
-0.729
9.419
12.819
1.963
1.210
23.772
-21.980
-10.766
6.377
-10.884
5.375
-4.072
-5.839
-1.029
-1.434
-14.495
7.395
-2.971
-0.505
5.736
-2.877
4.084
0.442
-12.192
-8.962
5.112
-9.122
-18.484
0.381
4.652
18.088
-13.707
0.237
9.364
-8.061
-0.247
-11.138
-16.656
10.037
-6.513
-15.445
20.104
0.355
3.947
4.064
19.006
-8.132
-2.501
-14.733
-22.089
4.695
3.354
-31.904
16.412
-12.452
-10.362
8.051
27.424
-3.305
14.989
6.026
31.132
-2.819
8.053
1.641
-3.458
16.608
-4.400
-6.948
-2.475
12.378
3.929
-9.435
8.227
-11.568
5.481
19.156
-4.485
-4.482
-4.520
0.132
-7.172
9.004
-1.506
-17.733
19.974
1.858
6.951
-1.518
13.010
-2.682
-8.720
14.287
-10.307
0.129
-3.769
-9.709
12.647
8.944
-20.831
-20.611
15.455
12.877
-2.720
-12.015
-9.787
6.547
-3.759
8.514
-6.267
0.735
-14.421
8.748
-2.124
12.272
14.874
1.522
-6.940
6.343
-7.744
4.857
-7.164
-1.669
22.114
0.931
-5.043
-13.772
3.619
-9.629
2.065
-14.016
-10.223
-0.930
-4.330
-4.364
-10.215
-10.984
22.536
-15.515
1.893
-17.849
13.181
5.502
0.377
-12.599
6.808
2.392
-7.797
-2.488
-1.014
-23.640
24.993
-6.229
2.007
10.077
0.059
-4.402
1.795
-12.510
-12.723
-4.140
-5.336
5.956
10.544
12.263
-2.493
-8.205
-10.843
-10.094
11.779
-11.112
-23.020
3.220
13.824
-12.283
21.579
-0.633
-15.095
11.050
-12.449
-4.251
-8.455
18.489
7.398
15.244
16.204
-0.066
-0.257
4.717
8.856
14.827
-0.424
4.099
-4.062
7.822
10.732
-8.675
-1.577
-4.142
20.275
16.109
6.903
-7.618
9.282
-11.873
-0.572
-10.188
19.711
3.871
0.226
9.108
16.891
-2.043
6.768
11.428
3.860
-5.758
-0.468
-3.603
19.000
15.940
-2.894
5.706
-13.801
-4.177
-19.417
-16.164
-19.918
-9.095
-2.521
5.456
-5.576
-2.987
-5.055
2.276
0.652
27.067
-3.023
-5.386
-2.013
-0.942
8.334
-8.840
1.641
13.591
-4.453
10.574
-6.099
2.193
16.169
-11.382
13.607
12.439
-18.781
2.428
-4.350
21.614
-10.272
0.228
-9.825
-1.916
-14.997
7.231
-29.652
6.134
-4.370
2.867
10.757
3.802
-5.625
12.164
-2.700
-8.742
-17.302
11.442
-2.535
21.367
-1.287
12.768
-1.025
-11.929
23.955
7.361
6.780
-9.077
-17.614
-8.033
-13.835
-4.707
7.317
2.889
11.724
-0.957
-11.903
2.506
10.927
-15.636
13.918
0.809
-1.818
8.136
4.585
17.497
16.133
-10.392
14.303
2.280
10.610
-27.031
11.360
12.426
6.656
3.722
0.467
5.519
4.968
-12.676
11.373
3.772
5.032
-5.693
-36.710
5.864
-12.208
7.906
-1.317
6.036
2.574
1.069
12.907
10.531
-3.492
-5.903
18.150
0.061
-13.044
5.477
11.159
2.438
8.666
-0.152
-11.480
-3.395
7.845
-5.752
13.010
-17.160
9.692
-29.413
8.437
-9.933
-2.036
-2.125
-2.673
10.243
-9.042
2.898
-1.967
6.480
11.123
-3.873
2.956
3.615
-9.483
3.313
-5.626
-1.236
-2.075
-13.810
-1.142
0.273
-6.685
7.575
5.331
6.781
8.865
3.048
-7.114
-16.165
10.558
-5.003
-8.504
1.267
-2.654
-24.209
4.407
1.712
-13.512
-2.372
5.967
18.831
2.840
11.568
9.890
-16.173
13.821
5.349
15.521
1.279
15.716
-7.702
6.450
-2.563
13.149
3.014
2.580
9.063
5.033
7.713
-10.712
3.237
4.635
13.091
1.757
12.211
-3.345
-7.298
-11.100
-2.918
-1.812
-9.586
-2.047
10.376
-7.078
-5.234
-0.376
12.623
-7.214
0.702
1.938
-8.877
7.519
25.612
18.360
-10.819
-14.505
-13.463
-1.412
-2.510
-5.405
-11.791
-9.428
-6.793
-11.572
0.226
-6.765
-5.831
12.699
-2.455
2.903
4.455
-2.443
0.755
-16.781
13.312
-11.314
32.655
-15.404
-3.902
4.031
3.586
9.554
3.530
-19.098
-3.701
10.773
3.431
-1.008
8.974
-15.356
8.184
17.210
27.763
-8.171
-1.796
-2.514
14.911
-26.298
8.206
29.052
-5.368
6.135
9.648
-0.501
-10.962
-2.727
4.855
0.631
-8.174
4.976
25.635
11.551
-14.256
-20.844
-3.611
-13.947
-19.080
6.038
21.794
8.262
15.389
-7.813
7.515
-9.264
-7.604
-3.221
5.412
5.238
8.460
-0.128
-2.182
-7.630
-13.279
17.597
-8.030
13.121
-1.112
-14.983
16.017
11.694
-6.579
-10.302
1.494
10.006
-0.944
8.461
-0.770
-11.748
-3.132
11.258
-16.609
-1.691
-15.156
0.833
9.409
7.149
-17.299
4.239
12.049
-9.759
-3.601
-10.191
0.753
8.635
-10.745
-6.045
12.411
9.377
-7.477
5.288
-13.976
-0.665
22.954
6.948
-0.160
7.113
-9.494
-1.330
-3.467
-9.671
-12.675
-1.076
4.368
-3.299
-13.020
-2.086
4.905
16.469
-9.825
-4.673
7.132
-1.263
22.529
-9.117
13.081
-4.462
2.847
-4.271
-1.680
0.277
6.628
-14.320
-28.590
-6.130
16.378
0.109
-4.631
6.571
1.756
18.941
8.985
-7.958
5.146
4.240
13.598
-13.195
15.041
-1.759
-1.453
8.545
-1.755
-11.878
5.616
4.488
-9.215
1.801
5.511
-25.587
-0.665
5.715
-6.350
-1.260
-16.774
11.734
-0.930
-11.132
13.269
12.036
8.732
2.840
-2.659
6.924
-16.704
3.729
-0.481
10.125
5.655
-16.127
-7.615
10.363
15.579
5.022
-13.808
18.098
23.128
0.929
3.923
0.011
-1.304
-6.450
-13.929
1.161
5.246
0.012
20.987
7.048
1.739
-2.827
11.463
1.375
-3.599
5.811
-0.196
-6.927
2.893
2.637
4.157
21.220
3.074
-0.182
-4.911
17.007
-2.521
8.567
-14.958
18.789
-1.221
-17.788
2.669
3.664
-0.704
-3.049
20.110
12.218
3.093
8.446
-3.472
-10.179
-0.885
10.685
-2.591
-2.893
9.650
-2.515
-6.015
11.526
-1.088
3.810
-14.302
-7.875
6.681
-5.977
5.583
-2.203
-2.765
2.454
-22.201
0.356
-4.869
14.313
18.955
6.842
7.260
7.240
0.805
-20.970
-0.153
15.745
-9.737
2.024
20.480
-11.963
-1.312
3.168
-11.289
3.204
13.892
-4.504
5.428
-26.335
6.995
-13.200
-2.812
-14.474
6.143
6.962
1.834
-2.957
8.213
-8.979
0.317
0.082
9.959
-10.226
6.153
-8.292
-2.550
5.619
-20.247
12.613
10.158
9.222
-4.819
10.077
12.963
-6.743
-8.854
-15.837
0.560
4.234
-12.771
6.413
-6.269
-3.035
11.977
0.556
-15.930
2.403
-1.184
-6.565
2.611
5.893
-7.136
-7.824
4.321
-4.035
8.594
-8.066
-26.080
-18.143
8.897
0.270
-0.054
14.542
1.079
1.261
-19.966
-6.384
24.121
14.032
-7.199
-1.507
2.994
9.907
-3.013
-14.913
-13.397
5.198
2.764
-7.493
19.074
-0.735
6.004
-23.652
15.883
13.504
1.900
8.639
-0.517
1.551
-19.246
8.153
-4.690
6.569
0.944
-2.280
-2.376
-8.880
13.160
-3.084
0.545
3.545
5.981
11.360
15.735
-10.824
11.410
-2.846
16.629
-0.242
-10.596
-4.368
-10.137
-4.818
-16.674
12.634
-8.543
-15.609
-1.443
-2.613
7.290
-17.247
6.113
-11.491
-11.483
13.799
-10.015
-6.433
8.385
7.610
17.265
1.631
8.644
-0.325
0.474
-3.318
1.441
-11.247
-3.084
0.617
-6.297
4.744
-6.387
-7.819
-13.050
3.296
-4.597
5.636
-0.249
7.342
2.073
5.356
-5.613
8.997
2.931
4.588
-16.230
1.000
2.711
4.479
3.263
11.381
-2.003
9.932
6.979
0.790
1.026
-8.893
1.482
10.872
-1.049
-8.868
16.658
3.324
17.844
10.092
2.362
4.750
-1.404
6.372
2.042
-4.978
5.938
0.760
-12.009
-1.774
-4.200
9.081
-7.738
-11.070
4.498
0.572
5.252
-0.172
-0.495
-4.263
-6.511
-4.225
9.252
-0.561
-4.374
-1.644
-5.505
-5.242
3.429
9.256
5.803
-9.595
0.515
-8.692
-3.832
-9.181
-2.024
-6.275
11.831
3.653
-18.465
-5.309
-8.895
-13.577
11.209
-10.510
-7.005
22.489
-3.989
0.564
5.439
4.702
9.262
-3.246
26.052
8.686
16.579
-6.470
2.010
15.122
23.422
-0.620
4.649
6.000
-9.412
6.456
-14.425
-2.000
5.478
4.926
18.091
-13.518
2.039
4.652
-0.503
10.609
14.074
-4.179
1.635
7.011
0.606
9.194
-11.193
-4.015
-2.456
-9.840
4.261
-23.552
6.241
16.866
3.827
-3.938
16.123
-6.719
-3.156
-15.450
-12.157
-9.075
-14.158
-10.432
-0.091
12.590
-10.494
-26.234
10.121
0.400
-4.915
-13.549
9.122
4.685
4.769
-3.375
9.609
-3.713
-7.263
-12.063
2.889
2.797
-11.222
6.935
-18.369
-0.456
-7.667
10.757
0.531
-12.431
15.696
-22.519
12.361
2.755
-5.452
7.931
33.436
6.524
-25.974
-12.407
10.858
12.422
4.783
-1.234
-4.771
3.665
-0.333
7.459
8.696
-15.151
16.063
11.458
12.283
-16.516
10.757
18.926
-6.969
5.756
12.841
-19.399
6.497
-4.066
1.366
7.919
0.954
5.714
12.719
-5.552
3.906
-7.921
11.697
18.449
14.113
3.501
8.569
-10.681
-7.090
8.464
2.956
17.430
-7.846
-3.664
-4.712
11.753
1.550
18.838
-12.290
-1.227
7.949
-9.718
13.400
-13.049
-11.019
15.020
-15.631
5.200
-0.608
0.117
-0.397
11.883
6.028
-2.243
-12.168
10.079
-0.655
3.725
-8.082
-7.404
12.135
6.789
-3.705
2.882
16.175
5.279
0.827
-4.105
-4.499
-4.712
0.340
-9.127
-4.527
-10.449
-0.503
14.725
-7.899
-11.500
13.056
-4.757
1.626
13.093
0.231
-14.187
-15.349
7.453
6.404
-8.958
6.807
-3.502
-7.208
-17.004
2.015
2.071
7.409
-1.640
-7.417
-4.310
-5.245
17.542
1.867
-1.753
-8.567
-18.875
-5.210
3.893
-14.352
0.566
-1.242
3.416
26.652
-4.755
5.656
2.852
9.225
6.340
7.753
4.505
13.223
2.569
13.463
11.110
0.682
2.690
3.055
-1.627
24.262
8.624
7.285
5.437
14.845
-4.788
2.055
5.741
2.237
3.020
9.351
-20.364
-7.405
-1.440
0.695
-3.608
-10.307
-3.605
0.266
3.543
6.293
-1.192
-6.985
-10.133
-11.947
18.111
-5.843
-2.998
-17.078
-7.099
-0.550
18.603
12.655
-15.321
-14.443
22.345
-3.244
-2.847
-5.325
-17.952
-5.970
-7.064
5.497
13.713
17.185
0.523
1.381
23.156
-7.598
-16.030
3.448
8.293
-3.996
-12.616
7.157
0.440
-8.569
-24.457
-11.802
20.004
-4.349
-0.423
-10.634
3.802
1.224
0.578
-18.740
-3.514
0.860
-13.913
-13.188
2.616
2.193
-1.460
-2.116
-5.758
-17.003
0.933
10.648
-1.188
7.982
-10.896
1.763
-3.861
5.524
10.530
-23.108
7.923
6.730
5.511
9.086
1.700
10.451
15.596
11.796
12.842
15.479
6.506
-6.162
10.378
-9.003
-10.425
8.175
9.890
21.097
5.291
8.715
3.886
14.913
-0.352
-3.575
8.726
6.674
3.518
0.288
-6.433
-10.733
19.840
1.544
-15.856
-4.221
5.780
1.564
11.453
-2.147
6.472
-9.447
-1.852
-0.272
-14.241
-10.110
-14.980
-13.325
-5.897
-13.703
17.136
-10.555
-6.618
0.679
9.435
15.517
11.529
-5.852
-8.802
-7.001
8.545
6.051
-18.013
8.836
0.596
19.889
-1.060
6.349
-11.280
7.218
14.500
-1.987
-5.415
2.875
3.958
2.793
-15.952
-0.661
7.017
-7.583
5.150
-8.986
30.087
10.919
-17.349
-9.285
-10.119
7.688
4.738
2.043
5.154
-0.412
7.458
-11.801
2.057
3.431
-18.742
-3.500
-10.619
-2.775
-6.118
-9.810
-1.409
5.884
-4.567
25.203
14.155
17.699
3.210
-12.937
-17.809
6.089
-15.739
-1.049
-0.547
10.982
11.467
-16.064
-8.873
15.006
0.150
9.498
1.855
7.393
5.123
0.726
9.465
-9.809
-4.500
-10.241
-12.086
-9.680
18.725
-0.364
-0.367
-1.969
-0.677
-13.675
11.964
-11.887
-11.792
-9.995
0.005
6.439
7.297
9.694
-17.223
-10.648
-10.660
-7.281
-10.503
2.369
-3.366
0.026
-4.254
7.537
-5.351
5.222
2.987
-20.762
12.131
14.077
-3.386
-0.548
-12.758
16.384
12.269
-5.068
0.681
-5.486
13.126
11.005
-5.520
10.403
-1.326
-10.137
2.905
10.192
-1.821
-9.094
-2.379
-11.753
-7.128
-7.145
18.950
0.060
15.274
9.765
5.814
8.401
2.051
12.724
-15.612
-20.037
-8.881
9.806
-9.040
-16.239
0.583
-8.097
8.942
-2.963
7.736
-5.781
-0.035
4.757
3.785
3.756
9.686
-26.997
2.144
-4.548
-2.642
14.154
4.845
-13.425
4.350
3.998
-9.368
4.562
-8.948
-10.553
-5.857
-5.950
11.999
2.103
-13.881
-16.231
8.476
4.632
-6.982
-8.789
0.218
12.081
5.934
-18.276
-0.722
-0.296
-2.113
15.122
8.744
-4.397
16.244
-2.027
-2.161
15.206
-10.103
-15.851
10.091
-11.032
-0.650
6.593
-3.096
5.554
8.572
9.562
-10.951
-4.308
-7.599
-3.754
-10.798
-2.209
-1.523
8.556
-7.082
4.556
-12.702
-0.758
22.664
1.868
7.209
-6.131
13.636
-18.213
0.025
-5.106
6.726
6.566
-3.481
-21.011
2.939
-11.139
3.563
2.105
12.499
-3.890
-2.699
-0.844
-20.743
-0.613
-7.803
-0.980
14.028
8.936
-1.686
-1.332
-6.098
-19.650
2.282
1.954
6.858
2.503
-1.987
0.283
14.827
-4.054
7.087
11.726
12.159
1.286
7.711
-5.736
1.368
15.440
-5.686
7.514
8.716
-4.078
23.420
-8.323
-8.567
-2.871
-14.837
-10.636
0.458
9.334
-14.667
-9.935
-14.219
9.209
0.853
-1.123
-7.427
0.972
14.032
-1.130
-12.874
-22.939
0.121
-0.600
-3.635
4.534
-3.373
-0.377
8.607
-0.126
-4.504
-0.131
-11.819
-0.636
3.685
7.015
-5.718
-1.694
5.151
7.535
-0.106
8.318
-3.252
2.433
-7.873
-5.101
-28.867
-23.276
-4.559
9.550
-7.037
-0.887
9.438
4.794
-8.007
-11.734
-1.675
-1.407
-11.259
0.763
8.968
13.999
2.974
-10.954
1.898
7.668
-5.003
-8.684
-18.650
-13.425
4.561
-3.795
-2.565
6.932
-20.104
-2.000
-8.804
0.390
-12.264
10.112
5.267
-8.357
-2.551
-7.308
3.065
3.537
1.529
0.540
5.036
-9.580
1.749
-5.287
-6.495
-12.178
-4.535
10.779
11.896
-6.626
11.989
1.133
3.477
8.663
7.771
-8.686
4.759
3.167
-9.241
2.963
-4.961
17.917
-9.024
-9.374
-21.317
8.247
12.412
-6.177
-13.178
-0.493
-4.767
25.004
-9.227
-7.203
-4.359
14.997
-19.785
-0.423
-3.845
12.380
2.601
1.941
-18.539
-21.248
-2.943
3.612
10.716
11.920
0.184
-4.691
3.552
-13.501
1.590
0.369
19.422
-11.836
5.349
-11.480
-5.734
-10.437
-5.270
4.840
-6.749
7.665
-14.206
-8.093
15.245
1.790
-5.655
8.415
14.616
13.257
2.929
3.927
-15.525
2.314
11.406
2.207
1.540
16.962
0.629
3.300
10.751
1.082
23.427
10.576
12.311
24.896
8.398
14.789
6.474
7.113
-6.303
-6.722
-1.344
-0.169
-6.269
-3.811
-10.478
4.058
1.024
10.614
8.615
-11.916
0.823
-20.307
1.842
14.777
-2.834
-6.316
3.495
9.656
2.148
-9.482
3.024
-10.706
11.343
1.279
7.691
0.156
-16.456
-10.479
-7.781
2.298
-15.856
12.987
-7.434
8.725
7.722
25.591
-3.330
-2.319
26.980
0.196
14.950
6.241
17.367
21.219
3.621
8.086
-9.311
17.472
10.722
-2.774
-1.052
9.074
-16.355
-7.554
-6.966
-1.993
16.798
12.565
-19.386
-11.674
2.162
15.536
-8.361
-1.091
13.546
-10.669
-16.107
-8.214
7.050
8.751
3.715
0.497
-1.144
-3.059
-0.321
-22.515
2.372
0.434
-0.232
4.314
4.935
13.494
-19.218
-7.175
3.001
-2.891
13.502
-5.917
17.690
-7.957
7.742
9.620
5.289
5.420
11.344
-0.220
-18.465
-6.343
-4.963
-5.980
-5.420
20.071
-7.707
0.464
-11.740
2.623
6.244
4.377
-22.830
-18.126
-6.165
6.204
-12.722
-17.417
1.331
7.980
14.817
-17.785
8.959
6.332
-4.833
14.791
4.785
0.603
-5.367
-7.981
-7.663
-10.267
16.855
18.882
4.643
-17.581
1.324
6.968
15.104
-16.190
3.505
9.521
11.976
-2.779
19.670
-14.006
4.119
3.373
-4.447
2.379
1.704
3.937
-18.670
15.597
-10.956
-1.842
4.449
-19.576
-21.443
-12.662
5.745
1.143
-15.316
-2.474
3.586
-19.010
9.602
-0.557
-7.124
-6.536
10.099
-5.861
-16.631
-6.529
-16.305
3.222
15.007
7.664
-2.541
-7.611
10.060
-19.589
1.270
-3.745
-0.234
-21.302
9.571
-8.556
-0.782
-13.296
-8.676
10.445
12.947
-18.028
8.960
-0.240
13.257
3.908
-1.186
7.553
2.283
-0.893
-1.033
-2.166
-6.137
-7.084
2.513
18.799
8.556
5.315
6.173
-5.685
10.297
11.706
-0.271
-16.305
5.411
3.808
17.542
-2.972
4.894
7.265
26.762
6.025
-8.506
-12.024
1.860
-8.507
6.781
6.756
9.453
-8.901
-3.371
-2.220
-3.094
-23.918
-23.433
-8.798
21.197
-8.461
12.077
-0.058
-17.963
-1.639
12.671
-13.267
-2.759
11.659
-4.755
1.789
-5.481
9.122
1.374
6.865
-13.283
-3.572
9.345
1.319
7.453
20.117
0.140
-7.073
-18.515
8.241
-0.088
-14.721
2.378
5.678
2.530
-12.940
17.768
7.868
14.463
1.952
-4.772
-2.739
0.107
-5.038
0.063
0.290
-5.905
-7.581
10.665
-2.532
-7.100
-0.709
1.887
-6.059
2.819
-0.792
30.758
13.314
3.694
3.240
0.685
3.561
16.455
-1.285
16.345
14.384
-8.644
-9.884
4.634
-4.633
10.048
-3.522
0.460
-9.737
15.371
-18.892
0.821
0.066
5.532
-7.448
-2.715
-3.169
-13.825
9.903
-7.866
8.898
0.195
2.356
-3.291
-0.758
-8.277
-2.213
13.949
14.749
-12.411
11.756
5.002
12.290
10.440
-2.871
-12.461
-0.531
8.160
-22.148
10.491
-9.258
8.856
12.065
-7.011
-3.884
-20.456
0.403
4.783
5.526
4.211
-7.278
9.101
3.590
9.757
-18.428
19.935
9.067
16.740
-2.582
2.981
-1.943
-3.279
17.011
-3.894
10.352
-7.826
7.512
13.016
6.820
-33.237
3.030
2.771
1.508
14.010
7.606
-11.032
-7.808
1.989
1.366
-10.130
9.379
-0.889
-10.557
-1.517
7.486
-0.032
-10.945
5.975
21.084
7.085
0.724
5.078
14.022
18.150
-4.948
-3.081
0.076
12.211
11.035
22.530
-7.488
-16.530
-17.523
-24.805
4.111
16.103
-1.594
2.348
-26.689
9.545
19.563
0.176
6.934
-6.000
0.495
8.005
-9.169
2.279
2.929
12.509
13.495
-3.192
-8.074
2.501
0.720
-1.928
-10.158
0.681
5.397
11.918
-2.202
-5.286
13.338
-1.591
-6.469
6.565
-2.539
-23.214
6.494
-0.616
11.164
-6.037
4.659
-6.663
3.554
0.445
-13.774
-8.144
-8.736
6.121
3.725
0.495
-7.047
5.134
-2.165
-11.613
2.917
-4.976
2.710
-2.931
1.678
-11.287
15.662
-2.655
-2.443
0.376
-9.775
8.930
-19.586
-3.461
13.091
-16.140
-3.710
-1.888
-4.957
-6.051
3.818
-1.726
5.663
0.355
6.109
14.978
8.396
-17.843
-13.384
7.438
-7.805
4.158
27.551
4.220
-1.825
-2.601
-3.387
5.082
10.391
7.443
-1.472
7.949
-10.796
1.442
16.303
-8.487
-8.583
-10.538
-15.123
-7.840
3.332
-14.297
-14.928
4.762
2.627
-13.322
4.379
-7.709
8.912
-6.553
-6.248
-11.074
17.827
-4.658
-25.831
5.258
6.199
-5.090
-6.881
-7.461
1.070
9.557
8.863
-17.118
2.952
6.989
-11.625
0.249
-11.103
-9.929
-7.484
-14.078
-1.358
6.760
-12.124
-17.566
1.389
1.779
5.386
-0.473
1.716
-14.037
11.855
-11.220
-19.787
-3.845
0.049
7.816
-13.530
11.798
-10.101
-1.202
3.562
-8.645
1.724
-4.314
14.827
12.668
26.339
-6.757
-3.315
-3.500
-1.557
12.775
-5.411
-5.007
-19.523
-3.921
-6.628
-6.440
1.009
14.095
2.935
-3.409
2.237
-20.338
2.278
8.444
-16.222
14.220
0.947
-10.504
4.670
-0.619
-9.847
-11.078
2.332
-4.934
12.097
-8.291
-2.095
-0.895
-22.081
6.569
13.249
-1.616
25.153
1.045
1.683
-2.276
3.366
-2.007
0.897
0.572
7.763
7.133
-10.103
-7.643
12.691
-25.282
6.260
5.734
4.894
-0.549
-17.659
-9.102
23.195
-0.475
13.335
-5.700
-0.432
-4.259
17.498
3.508
17.322
-5.959
-4.461
12.471
-8.405
2.325
17.772
1.738
1.264
6.439
-18.867
15.300
-0.187
13.290
-6.941
4.043
-9.546
-4.913
-16.909
-19.142
12.207
2.821
-8.497
-0.864
-7.147
3.446
4.407
-6.704
-15.898
4.567
-5.360
-12.347
-0.896
15.552
17.135
7.597
13.742
-17.886
-9.923
-4.243
4.709
2.876
9.205
-3.127
-1.370
-1.506
-0.270
11.866
4.846
-12.219
3.042
-0.501
-1.412
13.395
9.781
-13.759
-19.247
-1.223
3.169
7.692
-5.080
-12.662
-1.933
-7.205
-10.385
-16.719
4.096
5.846
5.128
-3.344
5.205
-10.092
3.598
17.923
-17.453
-8.117
-6.075
1.398
4.000
8.098
-14.853
5.288
6.224
-8.831
-6.319
16.795
9.489
-7.789
-0.002
2.355
-7.437
13.165
-3.660
-4.439
-9.672
-6.817
2.565
8.421
5.338
6.200
3.000
-6.984
-1.230
4.035
-1.829
-14.214
-0.128
-3.702
8.190
3.012
2.116
7.501
3.418
7.044
-12.825
5.500
10.091
12.393
6.141
7.091
-5.518
-19.916
1.846
0.489
-5.313
10.107
4.960
19.917
-13.374
22.556
5.048
4.910
-3.926
-3.860
-2.540
3.045
-13.699
-8.037
2.888
0.671
-17.603
-5.658
-1.400
-2.666
17.505
-3.515
-9.829
-3.684
6.715
9.780
-11.133
-23.104
2.253
15.145
-3.956
-8.931
7.897
14.224
8.142
-7.051
1.343
12.169
4.115
9.741
5.339
-1.716
-1.164
5.781
-1.897
-1.152
17.778
-2.532
3.602
17.696
0.791
0.305
-14.748
-15.597
-15.685
11.784
-6.031
0.619
-5.769
-26.296
3.807
-0.040
5.184
-14.683
0.792
7.986
-0.150
14.076
-6.544
8.797
-4.697
-3.114
6.192
-6.072
11.385
24.486
-3.801
13.846
-13.467
-5.893
-3.941
-7.496
-7.583
2.953
14.428
9.050
2.320
8.430
-3.666
2.987
-3.652
-19.171
9.708
7.144
-7.251
5.377
-18.889
-0.576
-8.193
9.673
8.605
-0.184
12.252
15.927
-10.328
-0.377
-10.131
3.554
-7.286
2.716
17.052
26.451
7.352
-11.334
-2.549
-3.017
15.555
-8.873
9.619
1.296
-1.054
-3.315
-4.190
0.171
4.251
-4.115
2.457
-0.707
3.857
-9.738
-9.947
-11.567
9.356
-6.494
-18.321
7.237
-6.221
7.457
12.090
-5.220
-6.917
20.825
0.858
13.660
-2.600
-24.548
8.315
-9.051
-16.915
14.164
7.902
1.623
13.238
1.836
4.529
3.605
-14.637
12.552
-4.451
7.541
21.640
18.740
-4.354
-11.581
2.764
17.325
-7.335
-5.878
7.513
10.497
1.229
-6.524
6.053
-3.218
5.260
19.552
10.188
-4.605
3.290
11.842
-6.334
-14.820
-4.169
-7.194
-12.270
-6.273
-0.999
1.952
-10.034
-7.227
13.978
1.229
0.599
10.661
12.327
4.114
7.977
10.949
8.824
-10.669
-10.886
7.904
-13.254
-15.931
5.561
17.713
-5.962
-9.547
10.692
-7.019
1.406
-11.977
26.806
-5.483
-8.452
14.737
3.863
7.069
-9.117
10.287
-1.620
-14.411
-2.452
8.638
4.114
9.178
4.305
5.906
2.501
2.343
-5.965
13.761
4.283
0.232
-20.407
-6.015
-24.208
-3.482
21.531
5.234
-1.388
-14.630
-12.573
12.785
-5.121
-15.041
-16.129
30.780
-3.809
-5.516
-2.508
-12.526
6.650
-16.731
1.594
-0.480
-13.501
4.179
1.384
-24.530
-19.240
-10.520
12.459
0.092
-2.381
12.511
4.732
12.655
0.982
6.435
0.696
-10.415
-18.540
-11.863
2.850
-4.352
-7.558
13.741
-3.088
-5.870
3.428
-1.071
4.559
5.483
-6.140
1.225
5.689
1.839
-6.402
-1.604
5.733
-0.561
-2.666
-0.034
9.812
-11.640
-6.516
-3.003
-6.823
-2.362
17.100
3.703
1.948
-16.189
3.993
-10.200
13.206
-8.896
11.091
-7.311
2.882
-5.320
-4.159
-0.076
9.146
-14.493
-7.170
4.204
5.630
-11.151
-1.940
-12.550
0.473
8.454
-15.730
20.949
11.321
-7.159
0.376
-10.867
-5.354
13.942
8.387
3.098
-10.302
-5.073
14.170
3.476
-6.596
2.827
4.711
6.010
9.062
6.685
24.048
18.598
2.965
-20.805
9.001
-10.733
2.332
-8.212
1.834
7.804
-7.541
10.196
-8.824
4.743
-18.879
10.243
11.284
-2.215
-6.089
-12.460
0.574
-8.555
-5.751
8.464
-9.558
12.703
-14.215
-1.591
-15.526
-1.306
5.667
0.476
4.200
2.443
-17.541
-0.373
6.518
-9.549
-2.667
11.160
-13.332
19.312
3.004
-17.261
-2.685
-2.516
-3.950
15.701
-2.321
5.171
8.924
-4.653
5.372
-1.465
14.220
-10.084
1.223
-10.959
3.714
-11.530
7.678
-0.015
-0.601
15.731
-16.802
-11.325
-4.977
-12.730
1.412
-9.720
15.653
-3.125
6.673
5.633
-2.811
-1.391
-12.403
-2.117
2.207
2.331
-9.439
-1.402
-13.057
-11.013
-5.620
12.254
5.249
5.195
20.683
6.889
1.377
-2.797
13.176
-7.070
3.000
-2.118
-4.160
-12.561
-0.162
-16.319
5.319
-0.062
11.028
7.648
3.223
-10.299
-5.410
-22.826
14.529
-1.750
9.591
-0.756
-10.925
-4.186
12.136
2.518
14.189
-8.248
14.407
6.316
8.906
7.416
-3.981
-1.508
-7.007
-13.396
-14.040
15.536
1.639
-6.683
-5.308
10.120
-6.354
-13.204
-6.428
-1.847
-1.046
-11.313
-1.590
-15.373
-17.096
2.419
8.042
-5.594
-15.854
12.016
-2.180
3.966
-3.819
6.571
1.068
-20.255
18.586
10.324
5.129
15.146
-9.026
2.845
-5.327
11.871
26.653
-4.190
2.234
7.159
9.906
-9.773
-1.365
-1.810
2.737
17.325
-7.622
-6.912
-10.174
0.365
4.912
-3.603
6.795
5.511
-2.421
-2.451
-9.028
-4.520
-3.437
-28.789
-2.615
-8.392
-3.943
1.877
-16.831
-10.235
5.474
2.407
1.450
-3.999
-8.176
3.997
28.349
0.828
14.099
-15.269
6.447
-2.474
19.240
0.087
3.413
-5.873
-0.013
21.687
-5.198
-2.979
2.511
-6.073
-5.304
1.590
0.637
-7.791
13.777
-18.521
7.086
14.657
-3.369
-13.652
12.661
1.558
0.130
-18.274
-7.289
8.342
23.780
5.954
7.477
-19.554
-8.288
-9.573
-5.445
-10.122
3.718
10.032
-0.019
12.285
-3.013
-1.886
-6.768
-2.308
4.389
18.496
9.394
-7.282
3.568
-5.186
10.139
0.294
-5.245
8.593
-12.265
5.158
-7.513
4.576
-4.201
-9.984
-9.355
-0.223
19.397
4.447
9.616
-12.553
12.731
10.313
-11.060
11.659
-20.833
-12.079
16.039
26.055
18.264
19.208
5.621
8.233
13.780
12.232
-16.730
5.937
-6.515
7.911
-11.980
-10.319
6.956
15.917
-3.697
2.973
13.578
-15.125
3.899
2.705
-19.923
-11.323
-8.401
-2.975
13.052
-8.886
-7.081
-9.043
3.202
5.926
4.550
-3.957
8.263
-5.253
19.745
4.416
-3.717
1.043
17.738
-4.887
-3.906
-4.215
5.010
-11.442
-1.641
-5.082
-3.460
-2.150
-1.754
5.144
24.368
-7.780
-8.857
-1.523
18.452
3.000
-5.924
3.517
-8.370
-12.254
13.849
6.600
10.152
-12.203
5.997
-19.722
4.584
1.742
-4.044
6.252
6.643
-2.972
4.011
13.088
-1.989
-6.318
-2.836
13.056
-2.416
-0.704
4.910
8.992
-14.261
-4.590
-8.365
0.367
0.216
13.164
-5.216
-2.193
-3.240
12.631
14.516
2.349
-18.094
-5.304
9.451
11.867
-28.092
9.385
0.656
5.168
2.806
-8.547
12.669
-5.336
-6.198
-15.923
3.139
-2.689
9.841
2.738
-3.494
8.749
13.517
3.709
2.569
-1.581
1.214
28.305
7.443
-1.878
3.132
0.417
5.284
-10.022
-0.348
-7.559
5.371
-0.231
-3.595
-12.459
-6.989
15.331
3.604
-9.737
-0.357
5.765
0.527
-5.682
-4.940
13.464
-4.533
24.297
15.110
2.817
2.973
-8.959
-11.787
-5.929
1.251
-16.055
-14.886
2.027
-13.741
1.868
8.899
-11.285
-5.135
6.525
5.804
0.184
6.564
-1.700
-0.270
4.208
20.155
14.259
7.536
-9.842
-7.461
0.413
-15.439
3.375
-6.187
-2.854
3.875
-12.287
6.533
-1.881
-6.929
-6.878
-1.062
13.905
9.074
6.047
4.903
-5.552
-7.754
-0.287
-16.057
0.791
4.460
-10.033
1.588
-2.463
8.683
9.258
2.812
4.016
-0.982
-11.685
11.409
-22.719
3.206
4.816
-2.672
12.614
13.044
7.864
-7.089
4.723
-8.326
3.526
-3.886
-1.603
-1.516
-14.688
-0.214
-21.484
6.330
-8.434
-13.713
-2.093
4.376
5.364
-1.545
4.401
4.827
13.521
1.680
7.670
-1.386
10.606
1.994
2.635
-6.316
3.418
3.688
7.218
-6.703
-3.552
-18.162
-5.348
-2.858
-3.243
11.122
20.385
-7.243
9.269
-10.881
1.432
15.558
5.273
7.589
4.122
-10.317
19.731
15.354
3.692
-4.213
-7.458
-3.318
-0.770
-7.527
1.759
-0.392
-5.750
15.420
7.900
4.888
22.919
-1.839
-3.331
1.965
-1.914
-5.940
18.295
24.378
15.548
10.044
11.903
-4.162
-3.764
4.008
-1.263
-3.799
16.302
-5.964
10.318
11.608
-2.695
-3.138
-26.778
10.932
3.071
-5.316
0.779
5.897
-0.372
0.881
12.260
-6.944
15.860
14.833
4.930
1.151
-26.232
4.546
-2.492
-6.845
-0.781
1.164
8.577
-16.117
22.750
17.404
-1.684
15.161
12.861
-5.512
13.228
0.350
6.915
13.070
-6.687
-3.925
13.264
-0.587
-0.070
-7.437
-0.284
-6.382
-11.884
-2.637
3.692
-18.844
8.601
9.583
-17.807
-0.143
-1.340
-0.840
6.533
13.995
-1.349
-4.071
5.980
-13.878
8.820
3.977
-23.356
7.759
-5.470
-18.161
1.403
1.094
3.204
-0.083
-15.480
3.603
-11.414
17.514
-20.657
1.864
-14.781
-6.343
0.289
9.202
-17.990
-11.534
-2.765
-11.051
-8.105
13.219
-17.010
-10.335
4.898
8.267
-7.707
-11.581
-10.917
-0.093
3.962
-1.584
12.117
7.690
12.006
-6.956
7.271
0.552
-4.465
2.576
10.922
-2.806
6.139
-0.026
16.148
-0.497
5.659
-10.557
2.516
-2.564
-0.452
5.357
6.863
-8.499
14.928
-1.737
-10.506
-13.157
11.189
2.007
1.033
11.363
-2.923
-1.349
7.058
-9.792
10.897
5.237
3.674
3.572
-8.158
16.629
13.747
-4.750
3.780
-11.259
9.020
2.071
-4.749
-14.306
-17.083
1.658
5.847
1.758
8.077
7.668
-3.495
-4.118
-2.996
-6.760
3.782
-16.551
4.952
-17.947
15.931
9.364
-24.058
10.804
-2.817
-12.990
9.356
4.668
-5.886
-6.134
-9.588
7.432
6.167
10.156
2.089
7.235
-0.961
0.812
-1.182
15.334
2.783
1.958
-20.059
-8.068
9.174
-8.300
-15.721
-0.522
3.736
-7.278
-4.184
9.953
-2.916
-25.081
2.483
12.757
12.529
9.096
-16.677
-6.930
-11.728
2.880
5.206
7.252
-10.284
2.392
-6.379
-19.257
11.869
-10.126
8.287
-13.256
-5.951
-8.106
-7.407
3.153
-11.425
13.484
8.022
10.421
9.693
-15.222
-12.057
16.912
10.124
12.029
-23.197
6.954
3.805
-6.396
-18.016
-3.587
3.990
7.309
-1.191
-2.111
-5.195
-9.215
4.947
7.452
-8.470
2.365
-6.044
4.438
2.793
2.213
-2.287
-0.660
11.374
11.812
5.687
12.501
-4.787
10.297
-12.231
15.916
-8.630
-11.370
-1.774
-14.971
2.245
11.684
-4.581
11.738
-20.090
-18.894
18.519
1.386
-1.339
1.311
-0.119
-7.020
11.271
-6.027
6.018
3.871
-10.764
-1.426
12.320
-0.907
0.373
-1.790
5.202
10.836
-4.566
-15.581
-4.213
-2.353
5.460
7.113
-13.268
-0.673
1.772
9.866
-14.835
7.354
-4.990
4.426
7.828
-7.114
-2.964
5.177
-21.182
13.512
8.283
12.477
30.078
4.718
10.916
-6.530
6.707
-0.407
2.456
12.504
-2.415
2.813
10.855
-2.564
-15.316
-6.940
10.429
-17.496
-6.996
-19.776
-4.485
10.048
14.065
-9.142
-19.400
6.447
7.366
-6.282
-4.191
1.273
0.227
-11.268
10.201
1.141
8.493
-9.954
3.062
-12.176
12.853
-8.117
0.864
1.162
-11.512
-10.109
7.896
-1.937
-22.021
5.817
9.500
-25.844
-11.114
-9.408
2.585
-21.957
-15.050
7.724
-8.351
17.657
-9.591
-1.767
-13.088
15.836
6.491
-12.265
13.199
5.516
18.383
-1.778
6.780
11.788
15.524
2.872
12.546
-9.960
-9.034
15.300
-1.276
-4.695
-2.107
-5.078
-3.781
10.663
11.483
-1.983
-5.511
12.254
2.466
-9.711
8.499
6.041
4.022
-14.032
9.417
-3.495
-2.322
13.823
3.620
-6.781
-3.321
8.713
-4.516
-15.318
-19.587
1.456
-5.273
-15.323
-6.371
8.428
1.440
-8.907
14.948
9.201
-0.609
20.331
16.821
-2.763
-2.585
6.075
3.427
6.311
-7.565
5.641
-8.869
27.877
1.563
11.421
-8.295
1.535
-3.565
25.965
-14.110
0.362
-2.153
-16.884
13.834
-7.160
1.639
13.347
4.031
-1.232
0.161
-0.758
8.877
12.756
13.313
-9.977
-5.194
7.167
-10.485
3.703
6.990
-12.318
-5.629
4.795
11.904
-5.780
5.139
3.015
9.128
-2.371
-7.005
-17.637
-9.854
-6.181
-0.735
16.129
2.580
-4.241
-10.769
-3.670
-4.033
-6.627
1.112
-5.746
2.484
-3.585
-7.015
-10.264
4.927
1.363
-24.755
-14.434
-24.202
-7.455
4.951
-12.032
-16.420
2.470
4.457
15.278
-5.498
-21.522
1.548
1.173
-13.383
-1.809
3.800
-4.638
0.209
-0.839
12.709
4.384
7.603
1.475
-6.457
13.249
-7.277
-2.933
19.466
-11.618
2.013
2.795
-2.524
6.851
-3.919
-0.603
3.399
4.881
22.246
8.840
11.022
-21.425
9.966
5.620
11.140
8.372
4.522
-14.937
3.045
4.771
-5.940
6.260
-13.647
4.330
1.231
-1.461
-5.840
-12.200
-22.506
-11.303
9.404
15.627
-14.366
4.802
1.368
10.694
-7.602
17.899
-2.078
0.459
-15.968
-6.668
7.275
10.587
-0.859
-2.081
8.213
3.971
-11.858
13.122
-3.956
-16.937
11.181
2.521
18.487
-5.049
-20.210
-0.401
-3.467
-1.820
-9.232
6.117
-2.039
-0.071
9.617
-7.371
3.792
-13.711
18.666
9.027
-3.901
21.660
-15.147
6.809
9.648
13.997
10.377
4.712
11.557
16.540
1.215
-0.548
-11.955
4.756
-5.269
7.996
-11.251
-4.468
2.252
21.885
-0.132
14.782
-2.717
-13.085
9.764
-13.181
-6.020
-5.861
0.435
-0.322
-3.571
-5.053
-1.844
-0.290
1.310
6.141
-0.821
-0.785
-9.259
2.497
-3.581
-3.911
4.977
-12.392
-11.045
-4.872
-7.136
-5.695
-3.091
-6.504
11.734
4.162
8.135
2.530
-12.795
-2.196
20.876
-9.406
-0.770
-3.425
-12.548
10.706
-5.771
-19.363
-1.231
-7.490
0.879
-6.041
1.722
12.125
2.147
-18.112
20.935
2.102
-0.421
-1.954
-2.544
0.797
5.842
18.172
-9.230
7.371
15.108
-15.455
-4.839
-3.118
1.701
-13.444
15.170
-10.685
-6.721
-16.100
15.832
-11.951
12.149
4.067
3.206
2.361
-11.141
-5.871
-5.142
-21.704
1.883
15.740
20.251
-6.649
-12.646
-25.653
-2.950
-2.547
-15.607
1.909
-14.583
-11.055
3.594
-11.741
-7.758
-6.993
-1.530
-22.417
2.432
4.382
-6.670
8.060
-5.292
-13.413
-8.500
-3.214
-0.669
3.246
-22.200
12.872
3.948
-4.040
-6.185
-14.464
-9.824
3.517
1.907
8.887
-0.034
-5.662
-10.535
-0.575
-0.330
-13.064
2.399
-0.158
7.596
4.129
-17.168
4.076
2.265
-9.744
21.106
-5.302
-1.991
-7.530
8.950
-4.102
-3.883
-4.912
6.537
4.104
-18.543
-4.056
-16.151
12.739
-2.753
0.484
8.939
-3.217
-6.830
-13.213
-15.684
-17.123
-14.253
-6.001
-6.017
19.423
-3.264
-6.270
-10.202
11.834
16.170
-8.647
-11.062
-17.495
-18.826
0.069
-8.350
-8.991
-8.626
-5.938
9.547
-3.192
-5.125
3.811
2.619
-7.831
8.290
7.082
12.026
11.433
-2.906
8.824
-7.602
16.941
-20.804
8.258
-9.058
10.459
-1.683
3.361
21.003
-10.500
6.699
3.443
4.974
-2.995
-8.330
-33.308
-10.427
-3.865
-1.147
12.438
19.137
-0.661
11.770
18.393
-24.030
-3.575
-1.925
5.394
16.212
13.692
11.392
-10.006
27.002
-1.961
-12.842
6.308
-16.852
-10.771
-28.055
7.725
-0.320
-5.113
21.886
-15.123
-6.592
17.239
7.786
-4.457
4.767
5.391
-18.007
-7.602
4.390
-7.891
19.631
-19.171
1.977
-15.959
-1.374
-1.591
-7.031
5.350
-16.186
10.346
16.463
2.039
-18.433
16.233
7.304
-1.260
16.362
17.768
5.382
0.187
5.223
16.521
0.929
-21.896
-6.543
25.134
-11.931
4.876
6.450
-30.772
8.969
16.260
7.078
2.415
8.335
-4.686
-2.992
-8.695
6.941
5.610
1.182
-1.813
9.100
-28.052
-2.051
11.004
-21.686
-2.190
-12.452
15.029
1.174
-17.153
8.675
6.709
8.845
4.226
2.721
7.755
-11.924
-5.695
8.852
-21.018
7.723
-5.958
4.533
-5.301
8.554
0.254
-0.340
-7.917
4.022
-13.134
-4.971
0.644
-12.812
-0.146
-1.995
-12.595
11.578
-10.009
-13.871
11.701
-2.723
6.210
6.684
-5.531
-8.747
3.321
-19.654
4.779
2.936
-7.934
7.885
-4.710
-3.366
-18.142
9.305
18.365
-14.177
-10.294
-10.396
5.031
-2.318
-7.247
11.969
-4.371
-11.537
-14.223
6.767
-2.987
8.610
-0.069
-2.684
10.552
-2.082
7.499
-11.468
-10.275
7.970
11.455
0.820
-3.117
12.278
3.572
6.243
0.438
-11.739
4.732
12.622
-13.135
-24.910
19.741
4.402
-0.757
8.420
5.580
0.664
18.083
-1.392
9.093
3.392
-19.154
-25.536
2.955
-25.703
10.407
19.428
3.519
6.123
13.206
-13.359
-2.300
-10.140
-14.687
1.593
-2.526
-4.103
-5.958
7.516
-9.026
-2.835
-18.969
-5.954
-5.389
-4.209
-6.863
4.109
9.356
10.004
-13.233
12.966
-8.068
-4.093
0.902
-7.191
12.486
2.191
-2.005
-1.121
-1.100
6.646
5.587
-7.749
5.827
-0.555
-18.054
-0.296
-5.212
15.705
-5.824
1.795
12.738
2.189
-3.802
13.006
2.818
9.601
6.540
17.144
4.669
-10.114
0.710
-11.757
-17.135
3.200
-9.052
1.033
2.454
-15.331
16.100
-17.005
-10.937
0.503
22.238
2.186
-3.628
-10.753
2.680
4.764
13.107
-3.319
9.107
5.451
7.786
-0.706
-7.079
2.456
-3.630
-5.882
15.307
-12.469
9.804
-1.393
1.966
7.100
-9.118
11.821
-11.403
17.046
-11.951
0.127
6.813
-11.990
-8.871
3.140
1.595
-1.987
-8.670
9.534
-2.284
-1.533
17.840
6.482
-13.528
-7.254
-16.150
3.839
-10.202
-3.546
4.298
-6.095
4.967
7.602
-8.842
-26.137
-7.337
-4.100
5.556
7.891
-8.759
8.637
-1.110
5.524
-6.464
-8.417
3.876
8.544
-12.306
-3.134
-1.719
0.962
4.460
-8.025
8.488
1.393
8.298
-6.282
2.548
5.101
-16.342
2.844
0.667
6.140
2.988
-10.109
-9.694
-1.273
7.238
-15.248
-16.160
4.157
-7.776
-14.738
-10.020
-8.840
6.577
1.846
-4.433
-0.823
17.049
6.963
3.979
-9.728
-2.127
-7.741
8.480
9.029
0.130
-0.766
2.484
13.130
-2.986
14.202
12.393
-3.446
7.002
0.451
-8.665
-5.331
1.399
-5.061
0.142
-1.775
7.231
18.328
3.515
6.176
16.146
-11.664
3.445
-9.548
-18.072
-3.397
22.097
-0.390
-6.760
7.958
2.259
12.819
-1.657
3.138
8.771
9.524
-4.371
-9.749
26.168
8.094
-6.271
7.083
4.780
1.892
-3.427
4.155
-0.942
-4.116
-7.590
-19.670
-9.341
7.685
0.115
12.922
-14.175
1.407
-8.442
7.082
-4.618
-12.222
-14.254
6.417
7.162
10.748
14.018
9.369
-7.899
-5.537
10.629
-4.503
0.137
-8.604
1.387
-6.738
2.282
13.214
-9.532
8.200
5.493
-5.211
-8.799
-6.243
6.065
-15.469
13.374
11.654
7.307
7.672
8.511
-8.918
10.634
0.634
-4.240
6.899
11.942
-10.436
-15.259
-7.315
-1.125
15.974
2.332
-4.880
-7.812
-13.671
7.145
-12.055
15.296
7.013
2.944
-11.643
11.787
-7.350
13.244
-1.657
-11.508
16.800
-2.257
-9.080
11.945
1.450
6.042
-9.110
5.567
-2.772
10.414
11.727
11.586
0.829
10.719
1.764
16.975
7.076
17.017
4.569
7.742
-0.711
-1.848
7.949
4.724
5.161
2.340
-6.746
0.524
-3.291
-18.083
9.767
-8.759
-10.215
-6.245
-7.738
-6.913
0.926
-13.115
-5.052
14.405
2.601
15.000
16.332
3.396
-12.539
9.557
19.318
-7.810
-17.236
9.437
-2.736
3.128
-12.902
-4.753
-3.815
8.614
-10.512
-7.621
6.207
3.305
16.993
-4.514
-1.625
1.172
13.758
4.986
17.677
12.353
-5.968
10.017
-11.929
-12.338
2.783
-10.237
-1.995
28.171
-3.719
-19.551
11.229
-6.186
13.269
0.360
4.098
-11.815
2.654
-5.749
2.169
8.622
9.737
14.144
-13.828
12.011
-14.073
1.606
-7.800
-17.607
-8.449
-10.962
-7.473
-7.478
19.789
8.674
-18.939
-19.957
-8.892
13.300
-6.698
-0.979
-17.282
-0.252
13.374
-8.254
6.956
-6.556
-9.913
-6.638
-7.952
-11.430
-6.869
-11.205
-2.967
-6.287
11.364
-8.903
-11.254
-11.220
-0.960
-0.530
-17.553
4.639
6.859
-10.772
-7.196
-17.199
-4.962
4.858
-5.707
2.533
7.790
-9.274
-12.637
-2.416
-14.042
3.321
-3.417
-9.458
-3.714
-9.267
-1.930
-9.274
0.219
-5.242
17.572
12.641
1.521
-7.358
10.901
5.779
-9.617
3.371
-2.389
35.108
-15.134
7.571
2.612
-5.163
6.091
-5.101
4.900
-0.168
-7.410
-7.205
-0.367
9.058
13.487
-6.104
-3.801
28.411
5.248
-1.832
-0.618
-17.413
-14.827
3.151
-4.853
-10.290
23.070
-1.564
-21.409
2.018
13.398
-18.968
7.653
0.842
-0.474
-7.410
-15.741
-12.194
16.357
-3.470
-11.174
15.891
-1.627
10.048
8.099
13.744
-2.592
15.024
-19.162
-6.844
3.462
11.158
-19.835
15.650
11.248
-12.400
6.066
-1.480
-14.029
13.541
-3.428
-1.648
-5.064
6.097
12.550
6.190
-12.960
11.432
-8.482
1.888
5.507
-4.829
10.116
23.161
12.853
3.711
11.288
-16.869
11.496
19.085
10.004
-7.372
2.828
-17.028
-6.622
4.075
-8.455
-4.377
5.770
3.061
1.473
1.631
5.218
17.541
-9.615
5.827
0.955
4.862
-12.918
-24.974
12.867
4.390
-20.773
-16.944
11.156
3.038
-2.388
5.422
2.271
-14.778
4.939
-13.655
-3.808
17.612
1.562
9.218
-31.702
3.833
0.281
-2.413
12.418
-3.272
-15.498
6.148
1.119
-1.625
5.630
4.361
5.234
-1.242
1.329
5.553
-1.403
7.591
-18.069
3.765
-1.304
-1.439
13.977
-1.111
3.632
11.324
-18.185
0.657
-7.205
9.308
0.785
-9.637
-18.054
5.799
-8.922
-2.425
3.795
5.144
-1.920
2.860
0.342
-5.053
20.599
9.664
-8.780
-6.797
14.350
-5.375
2.283
16.269
6.969
-16.588
10.100
8.039
-4.362
15.980
-10.987
-1.076
-8.179
-5.535
0.500
10.496
17.641
-3.088
3.535
-15.186
-2.522
24.934
-16.519
-16.438
-5.343
21.243
-11.514
-0.358
5.012
-17.384
-12.083
-13.831
6.411
-9.103
-12.526
8.819
14.612
7.883
11.328
9.085
5.159
-0.583
-16.264
9.724
-24.448
22.985
13.554
9.795
-10.032
5.238
10.231
19.403
-3.283
-11.459
-1.597
-6.758
5.494
8.121
-23.448
5.510
-20.419
-19.845
8.384
-19.860
-13.353
-10.990
5.609
-6.509
10.979
-1.215
5.459
2.144
-1.248
9.415
-2.381
-7.728
-0.559
-13.987
-2.816
-0.430
-11.528
-22.997
-4.300
-14.158
4.379
-16.202
3.616
-4.368
3.143
-14.121
-4.146
2.046
-16.916
-2.925
11.028
-14.687
3.334
-4.665
12.474
-8.639
-0.187
4.192
-11.988
-8.878
12.108
6.157
-7.235
10.809
-5.029
11.001
-6.418
1.638
18.204
-15.447
-7.839
-1.148
-3.914
5.065
-1.050
15.493
-4.348
2.392
3.385
-1.015
-7.091
-4.223
-17.274
-6.238
11.753
0.370
-3.372
6.623
5.214
5.336
-1.731
-0.678
9.962
1.245
-7.058
-10.892
2.915
4.823
-6.015
-3.326
-2.536
-0.694
-9.591
0.865
7.845
11.427
-5.536
-3.852
-8.037
-6.098
4.009
2.980
9.383
-2.462
2.348
10.826
3.966
-5.420
-0.544
8.168
-6.385
7.919
-1.046
8.293
-8.567
-15.010
9.564
-5.984
2.954
2.415
9.449
-3.519
-16.219
5.100
-6.662
-5.822
3.454
12.395
-5.883
-2.114
-3.443
-1.820
8.174
-3.063
-8.116
-18.243
-3.489
-15.888
-4.424
3.481
-4.867
-2.917
-6.129
9.648
13.118
-1.193
-3.087
1.240
0.250
-6.351
-4.285
10.193
8.616
25.541
18.421
14.769
-7.181
-9.870
-5.429
-3.368
17.913
-6.031
-6.053
14.148
-12.475
-7.676
-2.897
-19.517
25.789
1.881
5.672
-3.040
3.531
3.193
-6.989
-16.585
2.797
4.033
-0.644
-4.384
-3.993
5.224
0.817
-7.821
8.159
13.487
-5.931
-10.961
-0.350
5.250
-15.128
9.775
-19.800
6.235
-13.991
-18.965
4.658
-8.511
9.997
-8.244
-3.493
10.135
4.726
-2.569
7.992
11.935
-1.755
-13.874
16.857
3.549
-6.633
-2.612
14.048
-6.569
3.784
12.207
6.902
12.190
9.709
23.938
-8.010
-3.470
-8.489
7.950
5.956
-17.738
8.353
2.294
-3.115
-14.571
8.701
2.689
-8.078
-14.167
-0.179
13.936
0.376
10.440
2.789
-15.624
-4.925
-9.311
24.829
0.517
-9.405
1.177
-8.610
7.910
-14.524
1.408
7.324
6.281
-18.472
6.991
-1.839
5.035
1.604
13.234
7.162
23.888
-2.704
-9.805
6.437
-4.292
1.070
2.410
-8.292
1.387
15.256
-3.298
-10.883
-2.377
8.544
-21.160
-1.245
17.733
-3.711
-15.581
-4.948
8.558
10.394
-1.193
-6.099
-10.612
-9.948
18.126
6.734
3.684
9.516
7.939
-4.670
14.446
21.383
5.920
24.601
6.953
2.926
-5.389
-9.677
-20.193
-5.639
3.222
22.999
1.303
16.179
3.581
9.141
-2.914
-10.746
-7.250
-9.901
1.993
17.978
-2.723
-13.518
-3.270
-1.037
7.708
-3.424
8.110
-2.008
15.696
5.073
6.574
11.136
-7.277
-13.543
-7.357
3.596
8.351
-4.079
-9.932
-17.784
-6.793
13.954
-7.709
7.083
2.313
0.767
-11.640
5.216
-8.265
6.186
17.609
-11.463
7.442
16.457
10.859
-0.715
6.569
0.708
9.558
-16.949
-10.160
-6.533
-2.714
-8.238
18.591
4.750
-19.863
-1.731
10.173
15.369
3.403
9.830
18.725
-0.512
-2.385
-11.683
-12.881
1.906
-4.716
9.452
-8.576
-22.432
5.242
-6.876
13.844
-0.439
-11.876
4.771
2.006
11.456
1.072
-8.894
9.898
-8.935
-8.836
19.493
-2.996
-8.273
-12.011
-7.025
-2.393
8.048
-25.171
16.419
12.804
12.039
11.859
7.459
15.018
-2.526
0.482
4.294
-3.093
-12.075
-4.057
-4.447
2.030
5.022
-7.579
5.283
-1.028
-3.182
-12.164
7.087
-4.031
-13.444
1.178
16.754
-6.436
-2.562
0.091
13.791
4.648
1.208
22.486
-4.355
20.361
-5.628
-13.881
8.153
-8.919
-9.830
1.880
-16.143
14.765
15.910
1.504
7.997
-3.354
-2.294
12.026
8.858
-2.570
-0.578
8.667
12.181
9.205
10.653
-22.285
-9.070
12.545
8.128
0.017
-2.541
-1.406
11.231
6.572
-17.302
-6.849
-11.299
-4.846
4.458
0.538
5.664
6.483
7.584
-7.328
-24.119
10.697
-3.328
21.012
7.172
6.087
4.904
5.369
-13.983
5.143
16.807
6.212
10.962
5.694
-2.191
-9.292
-17.932
11.270
-5.521
3.916
7.705
6.321
4.617
-1.085
-2.233
7.482
13.352
10.827
2.004
21.193
-2.056
-11.810
-11.077
-7.420
3.084
-3.002
-7.627
10.566
0.451
-15.320
-4.387
8.705
5.890
2.687
3.294
0.549
-1.255
-5.491
-12.759
-1.354
-5.232
17.061
-10.724
-6.666
8.053
-17.288
0.359
3.413
0.066
-7.860
6.378
-7.593
-4.460
-3.409
-13.421
-5.305
-14.955
-2.332
15.123
2.991
-6.600
9.493
1.185
10.007
-1.697
-18.089
-3.214
1.812
-7.227
1.420
-1.878
-0.234
7.742
7.127
-8.960
-11.608
8.056
-7.130
-16.896
4.472
7.265
-5.861
-9.326
1.219
2.239
7.033
-14.656
11.158
-23.103
-1.263
-11.586
9.801
2.451
-2.529
-7.074
-15.173
-0.187
-0.062
5.584
-9.284
10.333
-22.292
-4.122
-0.071
-3.820
-10.984
-0.100
-1.512
3.560
4.963
5.959
20.532
3.346
5.575
13.481
12.879
-0.479
0.604
7.582
-9.518
11.522
-13.971
-1.356
24.346
-14.657
-5.578
-0.954
-11.445
-16.429
5.986
11.324
-1.175
5.560
-9.693
13.500
-7.504
-2.693
8.792
7.776
4.162
1.759
-3.458
-12.610
10.160
-14.244
-2.120
11.388
5.929
2.188
-0.062
-9.262
-2.205
14.027
11.536
-2.654
-0.449
16.179
5.548
1.249
-5.600
-5.333
-0.546
-13.529
-0.678
-6.920
12.238
7.674
1.853
19.970
6.071
-15.315
-0.423
-3.282
18.207
-6.058
2.584
-10.752
8.596
-17.186
-0.624
2.529
9.712
1.535
2.365
2.640
15.021
29.000
-0.330
2.403
-10.411
3.771
-10.607
3.111
8.579
-0.134
7.744
19.448
5.938
-7.151
-0.475
-13.736
11.436
-2.409
3.555
0.672
5.171
-1.116
9.108
20.909
-9.749
8.666
-4.002
0.057
-3.353
1.768
-1.372
-15.105
-1.169
4.405
3.916
-6.104
10.605
10.453
-7.177
-3.709
-20.688
21.284
14.183
-11.150
11.759
5.603
-3.017
-12.573
3.460
13.390
1.670
-3.137
-12.746
-0.238
8.038
-2.942
-4.375
-3.846
0.552
3.166
5.533
4.572
-10.695
1.100
-7.261
-3.124
-11.962
-17.715
-2.469
-2.807
-6.360
-5.487
15.742
7.308
28.404
-17.055
-4.350
23.172
8.610
13.705
-6.039
0.616
-7.872
-1.562
-9.310
7.155
0.345
10.455
-10.297
-8.655
-2.491
-16.510
4.275
3.276
-17.109
-7.003
1.907
-1.571
-12.977
7.428
-5.492
4.649
0.287
17.147
26.281
2.394
-2.234
-9.996
-3.543
6.033
-1.242
-5.290
10.677
2.638
11.576
-22.418
29.690
-7.028
-16.186
4.177
12.035
4.067
-4.824
-3.774
-3.054
31.240
-1.807
-1.752
-18.308
-12.830
-3.935
0.838
-13.460
12.858
-1.363
7.320
-1.080
-1.323
12.874
-6.308
12.653
2.211
-13.271
3.548
-2.927
17.003
-1.596
-11.717
-1.946
1.557
-10.244
-26.054
-9.384
11.009
-11.474
2.124
-23.675
-2.003
13.987
-7.484
-12.793
-13.285
10.014
-3.773
-18.803
-10.964
1.670
1.384
-10.375
-25.197
-15.051
14.649
7.779
-9.816
-5.795
5.344
-8.945
-12.184
-13.405
13.686
5.938
-14.267
40.769
-3.157
6.193
-3.352
-10.491
-8.890
6.449
-0.289
2.871
10.537
-9.667
4.418
-4.527
0.401
0.275
-4.886
-1.284
-10.641
-12.595
-10.284
-0.914
2.328
1.371
0.092
-15.207
14.864
-2.802
-5.589
-1.661
-5.393
-10.297
5.812
30.517
-3.650
-11.665
1.974
7.772
-1.599
-18.328
-4.581
7.323
-4.987
-15.238
-2.859
0.784
19.275
8.297
16.731
-5.204
1.051
-7.409
-1.883
-4.384
8.989
-5.262
-5.545
-13.008
-18.339
4.681
-2.737
-0.743
-15.446
-10.312
23.902
-5.305
-6.390
2.772
-10.941
-7.455
16.753
-3.237
13.475
2.478
-10.807
14.181
-9.435
-6.082
20.513
0.840
-5.823
13.149
3.747
5.583
5.371
-3.146
-7.636
-11.142
-11.308
6.828
8.423
-4.422
11.952
6.156
-17.170
16.578
1.858
3.203
-1.914
9.704
-9.504
-7.953
-8.985
3.253
15.521
3.951
-3.371
-6.098
4.523
6.857
12.479
11.750
9.880
-2.174
-13.684
-10.887
-24.362
-1.138
9.041
-5.136
-2.614
-8.658
-5.711
4.264
-7.652
5.120
8.145
24.381
12.797
5.897
-0.156
-0.442
8.638
8.400
2.252
9.554
-15.915
16.516
4.228
0.423
-2.707
12.497
-4.019
14.639
4.001
-18.631
-14.066
-11.868
2.967
4.576
3.857
9.673
-3.047
-4.726
10.051
8.323
-5.516
-35.850
1.025
5.247
-13.510
-1.694
10.371
-3.381
10.179
0.567
4.076
-8.053
5.643
-1.821
-3.518
5.665
9.060
12.415
9.619
2.477
-4.963
-8.789
1.427
-5.714
-3.305
13.345
13.271
-15.663
2.103
7.886
-3.934
3.562
6.161
10.435
12.002
3.288
15.395
-16.195
13.058
-12.167
14.398
4.790
9.113
1.681
-0.373
13.286
9.477
21.918
-15.351
5.478
2.716
12.318
0.580
1.647
-14.988
1.246
-6.285
-6.157
3.532
-6.362
-6.103
10.224
0.902
1.252
3.286
0.136
10.278
-6.404
3.909
18.385
-16.090
13.735
5.449
17.555
-9.901
6.206
14.646
3.108
-18.769
3.318
2.357
-5.939
9.062
9.267
7.157
-14.422
4.309
1.204
-4.307
-8.504
-4.729
-19.068
7.676
12.736
-11.642
13.566
-8.937
6.061
6.488
14.578
-3.663
10.826
1.070
-17.423
0.172
-12.164
-16.177
-8.640
13.306
-9.020
-7.143
-19.442
-8.610
-10.648
4.763
-8.083
-1.379
-9.175
-1.147
-4.783
-8.408
-12.840
-22.464
17.032
12.302
15.102
3.546
24.847
15.584
11.469
11.857
-1.498
0.796
-0.951
-15.038
9.261
-15.930
-3.688
6.211
-2.975
4.518
23.730
-0.859
-6.695
-7.949
-21.246
1.343
-2.142
-11.170
-7.973
8.369
3.232
1.885
1.537
-4.048
8.240
-3.514
-11.300
-13.741
-10.335
1.348
-16.982
1.084
-11.364
2.270
2.467
-4.611
7.659
6.232
2.566
-0.801
8.056
12.534
-4.397
10.322
8.647
-6.752
13.793
-9.878
1.947
0.324
-5.995
-2.957
5.753
9.488
16.391
-8.238
-9.774
-7.438
-3.268
-4.671
6.898
1.054
6.613
-5.959
-20.611
-2.376
16.847
-4.974
-13.989
-15.785
1.260
14.469
-1.925
-5.031
2.438
-3.987
-13.138
-14.635
21.774
-15.767
15.102
8.846
-21.899
-6.864
10.688
0.740
-5.079
11.430
11.612
-5.116
2.053
0.029
1.960
-11.678
-2.447
8.490
5.808
11.899
7.979
2.591
7.611
-7.209
-25.088
-2.478
20.114
11.101
-5.052
-1.966
-4.122
10.734
-2.137
8.890
-2.012
-11.260
-9.960
-9.529
14.365
-11.609
5.718
0.651
4.896
9.441
-1.706
-15.886
-0.898
-0.428
-19.031
4.779
2.757
6.095
1.974
2.022
15.604
3.521
7.360
-5.217
27.060
10.720
-0.982
1.099
-0.376
-11.784
5.136
14.540
4.381
-2.843
13.726
11.822
-15.478
10.414
0.920
-11.652
10.789
9.961
0.934
-20.325
20.183
2.506
-13.835
-17.334
1.737
10.633
-9.029
-12.573
-14.440
1.663
-9.376
12.122
-25.547
7.201
-6.027
-2.857
-7.512
-16.687
-4.127
5.953
-15.355
11.339
-5.343
22.194
3.253
0.880
-9.578
14.038
3.538
-15.879
-8.826
6.225
11.826
-2.727
1.445
-0.845
7.515
-12.505
5.859
-6.424
-4.671
-7.335
1.626
-13.177
-0.980
2.688
4.557
26.984
5.153
-6.260
1.417
-4.595
15.107
13.198
-8.024
-0.586
4.399
-8.476
24.586
12.590
7.773
6.546
1.164
-10.054
8.370
-1.181
-2.567
14.184
5.140
1.742
15.246
-7.812
-0.194
-10.474
3.021
-2.001
-9.371
5.124
13.668
-4.235
-7.480
7.673
10.328
-10.675
4.751
-5.097
-7.212
-7.784
-14.949
-10.438
-3.451
14.955
-5.025
16.977
23.578
6.136
12.276
-7.884
5.042
-0.539
-1.967
3.479
-13.677
14.676
-3.510
0.620
-26.549
-21.498
-8.135
2.393
4.097
13.394
-0.385
0.440
-1.362
8.508
6.424
1.633
4.036
-11.190
9.102
6.495
35.171
-9.555
-5.126
4.376
4.002
-7.657
-19.390
-1.661
-8.771
2.087
-1.634
8.142
16.564
-11.092
-16.471
15.215
-4.782
-2.367
9.829
-7.095
-9.985
1.969
-20.204
2.870
-20.903
-2.642
2.276
-11.573
-1.372
1.761
-10.652
12.142
10.362
-6.290
3.731
7.268
-3.762
-14.498
2.877
-13.370
-8.085
2.217
8.108
4.826
14.327
-0.429
-9.465
-4.664
10.405
-8.968
0.318
21.350
0.908
-2.714
-7.676
12.532
9.685
13.426
3.000
-14.957
-5.175
-10.933
3.115
-19.766
2.822
1.193
3.992
7.340
-14.602
1.309
-19.331
-21.191
-4.087
-12.711
-0.450
-16.127
-9.475
-1.910
0.017
3.348
-4.965
-0.091
-2.377
5.935
-1.171
-4.770
2.914
-13.938
10.985
1.208
-7.779
12.099
25.568
4.738
9.324
4.303
-2.403
-9.247
14.173
5.959
13.805
-3.214
0.098
-12.482
1.637
-10.575
-20.123
19.411
12.185
-6.513
-1.585
8.062
-15.902
-0.644
-3.907
-3.505
-2.731
7.389
-15.252
-2.891
-2.441
-4.736
-7.365
3.222
-2.040
0.027
-17.346
-9.424
7.844
-23.504
13.859
-7.242
-2.864
-5.029
-3.315
25.636
-12.229
-6.585
-7.734
0.771
0.165
1.992
-7.764
5.668
-0.490
-2.105
2.734
0.659
-13.693
-13.813
-0.273
6.497
-14.154
-6.345
11.000
13.901
8.351
4.364
-8.436
-7.602
5.690
15.446
2.051
-10.448
-0.804
-7.520
-7.030
0.897
1.458
11.591
8.159
8.988
-2.877
4.038
-7.451
5.326
-0.265
3.639
7.238
0.139
2.981
14.934
-12.565
0.038
-8.403
-0.690
-13.069
-6.854
-1.279
-19.281
2.452
4.449
-4.961
-7.493
10.518
11.305
10.442
8.944
-10.806
-0.602
-12.178
-11.919
6.203
-12.425
19.973
2.883
-14.984
-4.360
12.665
-0.302
2.334
-11.185
13.061
-12.442
-5.193
1.165
11.667
-6.356
0.627
12.059
-18.663
-6.113
-2.631
-1.746
-5.975
3.915
0.180
-9.220
15.489
-11.554
0.081
-20.733
6.907
-2.686
-0.010
-15.386
-25.676
3.650
-10.195
-19.360
9.741
4.026
2.494
6.054
-11.606
2.611
-7.175
-3.556
27.384
0.398
7.032
-4.486
-10.281
15.545
-10.553
-13.974
3.982
-3.312
-27.245
-1.431
-3.436
9.610
26.423
0.490
18.407
13.064
-0.308
-3.378
-3.961
2.610
-8.040
-2.254
-4.768
-12.869
-11.005
-10.670
-20.019
6.274
3.447
1.623
1.981
-3.501
-2.150
-12.300
-17.765
5.682
-11.949
0.614
-1.031
-2.233
-10.353
16.445
-10.461
-1.731
-6.675
-5.821
18.169
21.301
-1.386
2.314
4.223
1.798
-3.978
1.241
-13.865
3.322
-3.134
-16.843
5.006
6.322
-2.467
9.979
-8.828
-19.659
-4.352
-2.057
10.704
-11.590
5.825
2.490
1.121
-0.536
-7.457
1.965
-26.944
9.822
0.899
-5.177
5.266
-13.180
14.222
-11.180
-7.389
-1.947
4.751
-11.127
-1.237
5.277
-11.735
-7.335
-3.074
1.557
4.186
8.277
-3.065
-15.676
13.362
5.023
-9.598
27.343
4.942
-15.409
-8.951
1.502
0.122
2.936
3.448
-1.576
4.354
-10.851
15.955
2.611
-4.567
7.608
5.821
11.051
-10.647
12.012
-11.790
6.769
13.314
2.659
-5.184
-12.045
0.762
-6.779
-5.120
-8.710
3.571
-1.458
-8.404
-5.968
-9.816
-11.385
3.000
-4.648
-11.762
-5.719
6.473
1.574
5.394
-2.403
-15.218
2.981
-9.764
-2.762
3.240
13.120
-11.321
-8.691
2.619
-5.873
0.581
-1.014
-8.322
8.128
3.652
-0.704
7.497
-0.604
-10.073
-8.020
9.468
3.225
9.272
3.982
-16.083
-17.016
-21.147
-9.226
-5.582
-5.138
-2.263
1.066
2.354
12.952
-15.879
6.292
10.172
1.539
5.105
-6.780
-0.665
12.979
17.175
5.301
-8.626
6.949
-5.187
19.774
-4.178
8.258
4.353
3.713
-10.000
1.069
5.900
-11.866
13.881
0.493
12.069
3.356
-13.244
17.339
8.529
0.662
6.634
10.599
1.676
3.623
-6.536
-15.620
5.002
-16.336
12.610
15.717
12.717
10.835
-14.923
6.671
11.035
2.780
-5.017
-2.126
-12.793
2.693
-0.768
11.090
-13.828
-19.882
14.374
-8.020
4.403
5.772
11.722
-6.745
-26.219
-6.583
6.314
-2.679
-24.979
-12.525
-13.869
3.760
-14.682
17.017
1.939
-8.232
-4.955
6.750
10.299
-0.251
4.346
-3.282
-19.698
-2.875
-4.314
-9.193
9.433
3.593
-7.961
0.913
5.456
-12.946
-2.145
-10.321
-12.129
-2.598
-8.344
-0.937
-10.638
-2.100
-7.427
-1.797
-1.282
-6.742
2.595
13.745
-1.123
-3.773
10.796
6.131
20.230
-6.325
-1.505
-13.559
-3.168
1.117
6.251
3.330
-2.947
15.049
-9.693
6.870
0.703
-11.577
3.446
-0.741
-2.386
2.317
-6.915
1.289
0.556
10.709
9.353
-4.305
-2.970
-1.916
-2.765
11.805
-15.269
8.237
9.643
12.826
-16.396
-10.162
-1.575
-2.666
1.030
27.853
-8.481
-17.692
-1.295
-7.112
-14.834
16.332
8.626
4.803
-14.571
2.601
-2.626
6.072
2.346
23.634
-12.806
7.400
-2.459
5.731
1.645
-8.129
-6.131
-15.665
-5.631
0.954
12.820
-9.409
3.296
4.793
10.798
5.996
13.032
-20.525
-3.329
-10.278
5.721
-7.146
3.870
-13.267
-7.988
-14.095
-13.076
3.569
-2.208
3.070
-20.556
-4.323
-3.282
0.358
10.739
28.798
6.860
-9.969
0.106
-13.677
-7.714
-11.497
8.028
-12.666
-1.619
-4.112
6.842
3.446
-0.246
-18.122
6.088
-2.244
-17.953
-6.823
-9.470
-3.674
-9.852
1.141
-1.234
-0.398
-16.287
8.689
5.046
2.680
-0.012
3.607
-8.782
1.312
-3.895
-7.670
-2.797
17.681
5.150
-15.535
4.740
11.156
3.978
-2.809
9.410
6.694
3.480
-4.162
-2.130
6.193
-1.453
0.975
6.851
-8.471
-5.750
-22.873
12.170
-6.411
-8.743
-6.093
1.317
0.242
-21.901
-9.129
0.940
-14.605
1.890
6.532
-15.044
-2.498
-9.072
0.056
-6.268
3.017
7.117
8.437
-1.299
1.199
-8.890
-11.750
11.410
-13.198
-7.864
21.977
0.441
-16.662
-1.691
-4.093
2.170
1.710
-2.294
16.960
2.903
-8.643
-1.810
-3.809
-9.958
12.432
20.157
-0.734
-7.681
12.614
-5.560
10.347
7.488
13.969
-5.003
10.996
-8.179
3.765
9.946
11.800
12.798
18.036
4.970
2.902
-5.519
6.638
6.326
9.276
8.229
10.958
-12.487
-2.053
2.823
14.137
4.551
3.615
2.442
0.534
-1.558
-16.105
3.098
0.041
-6.908
6.910
3.101
-22.146
7.533
0.923
-11.260
3.422
1.521
18.728
12.041
5.758
2.957
-0.248
11.496
-11.732
-13.370
-2.100
14.145
9.564
-1.293
5.010
0.681
-3.055
0.454
-6.905
-7.353
-13.641
-20.506
-13.018
-8.422
-14.264
5.748
12.780
-22.489
9.209
6.505
15.624
6.483
5.809
2.113
1.987
-7.494
17.107
6.337
-22.645
-4.688
-6.411
-6.747
-13.830
6.604
16.245
0.623
10.056
5.295
-13.481
-12.431
1.866
-3.094
18.167
-9.101
2.049
-5.513
-15.732
6.252
7.836
-12.240
13.897
-16.494
12.743
2.869
-2.782
1.566
0.790
-2.078
0.878
15.959
-8.258
-9.123
2.173
9.548
5.322
8.040
-8.535
-11.355
-3.387
11.003
11.623
16.941
15.582
-19.912
3.981
-5.707
4.066
-1.177
4.628
0.412
-12.036
-7.988
6.098
2.893
11.490
6.609
6.201
-5.100
-7.098
17.438
-4.006
6.655
-6.753
-7.334
0.731
-12.092
-4.595
-1.362
9.140
8.981
-4.827
-0.797
1.972
4.012
-12.168
6.737
-3.971
-4.284
4.015
-11.291
-2.708
3.516
12.431
16.276
-13.597
3.101
8.920
-4.255
17.767
-2.278
20.210
-11.892
-10.825
-2.264
-5.165
6.139
-4.390
-4.162
-5.627
18.305
3.103
0.906
5.290
-1.368
5.056
-31.886
2.688
-11.075
0.522
-3.228
1.433
-13.290
1.056
3.641
-12.304
-7.216
-25.148
-7.876
-11.354
3.553
7.565
6.110
18.430
-19.774
9.857
-11.559
0.980
-9.549
3.848
-15.927
16.040
-6.306
8.169
-11.314
-2.191
9.231
-7.242
-1.149
-17.415
-2.968
1.277
-11.681
8.637
2.550
9.464
-1.731
-1.475
-3.749
7.593
5.459
-6.966
4.629
13.855
1.027
3.953
-3.128
-4.376
-26.947
11.337
10.586
6.547
-0.898
0.929
7.229
5.669
13.032
-5.427
-4.954
-4.332
12.091
-5.876
12.443
-3.785
-9.554
-11.828
0.449
-9.488
5.579
2.918
3.033
16.251
-8.570
-0.854
8.333
-3.712
-13.174
5.298
13.925
-2.668
1.605
4.646
6.094
-3.093
5.221
7.383
11.950
4.722
-0.907
5.567
22.626
-8.410
6.144
-6.131
15.314
18.921
1.211
-12.855
1.484
5.410
0.263
1.319
-3.472
-16.107
23.078
7.498
-3.833
8.489
-2.423
10.702
-19.364
-10.787
-0.329
-15.022
0.339
-20.121
2.764
6.033
5.045
3.072
1.930
-3.725
12.098
-1.486
7.313
-9.219
-2.129
-4.103
12.944
8.537
-0.439
-9.537
-4.437
5.768
-15.298
-6.389
-2.675
-12.926
-0.399
-6.303
-8.223
-13.775
6.977
8.700
-9.757
-6.978
7.230
-9.831
-3.812
6.260
16.528
2.623
14.674
-1.137
-5.078
-6.050
12.114
8.734
3.353
7.864
-4.417
-0.233
1.035
2.964
0.418
-11.759
14.392
1.288
2.218
2.940
-2.808
2.293
9.788
-0.913
-10.167
-16.805
-3.926
-8.109
1.659
-0.577
-15.206
-0.811
-9.028
10.411
-3.174
1.442
1.581
16.481
-16.461
-7.756
-6.089
7.564
-11.541
11.467
3.756
1.116
11.067
8.489
4.469
1.969
15.351
17.193
-4.180
8.678
3.828
6.005
-20.709
0.137
22.641
6.722
-0.254
-26.811
-1.281
-18.228
-6.318
7.265
3.914
13.135
0.037
7.465
-4.718
-9.232
11.545
-20.657
-7.449
17.522
-9.440
2.735
-6.411
-16.011
-11.360
0.549
-9.950
-6.053
-6.136
16.284
-2.179
-1.295
-7.636
-2.404
-1.051
3.074
3.184
-1.195
13.942
2.314
-7.939
-6.044
15.195
-2.020
-15.655
9.983
-14.446
10.529
7.560
-1.697
18.066
1.964
-7.118
-3.701
9.146
10.829
1.355
5.437
18.604
-3.524
6.322
9.458
14.956
2.720
5.368
-0.919
1.184
4.877
9.990
-9.776
13.295
-18.992
2.998
11.756
4.006
0.032
-9.628
15.083
-3.659
-16.511
-6.417
5.829
3.557
1.243
-2.590
-4.289
4.210
10.849
14.406
30.473
-2.208
-5.482
4.625
-3.464
-21.315
6.782
-2.598
-12.232
-5.080
5.604
-2.446
1.828
-8.185
15.585
12.061
-6.982
-2.120
0.510
-2.421
8.781
-13.678
8.896
0.713
-10.885
-12.747
17.290
-8.304
11.627
-1.693
-11.732
-6.209
2.498
-9.106
1.160
-6.547
14.922
16.130
-11.696
-12.471
-7.853
4.444
8.994
2.842
16.254
8.247
9.375
4.554
-10.457
-3.181
7.565
2.775
-3.618
7.420
-16.941
18.161
-1.382
1.010
-0.737
7.181
-3.348
-3.764
-4.745
-11.094
-10.399
9.743
-16.739
0.706
8.507
-8.273
7.553
16.731
-13.357
-8.008
9.654
-9.381
4.638
7.315
-0.530
10.172
2.044
2.170
-1.751
9.944
12.098
13.884
-3.280
-10.395
-20.032
9.206
-2.914
1.029
-7.496
-4.321
3.175
10.090
-18.137
-0.810
-6.764
9.022
-10.554
3.598
-1.053
2.928
6.098
-0.269
-8.761
1.901
-5.813
-15.197
3.180
-4.124
-5.182
5.643
-22.089
13.578
-17.799
0.003
-4.143
23.329
9.765
1.319
-8.494
2.544
18.496
-8.774
2.745
-8.864
-1.242
9.697
0.042
15.004
-18.578
1.218
3.682
6.276
4.246
5.910
-12.814
-7.930
3.972
-10.059
-12.293
-5.447
3.631
-4.902
2.201
-9.816
14.032
32.404
3.076
2.926
0.423
2.593
-0.546
14.186
-10.948
8.327
-12.007
-6.114
-7.963
15.039
1.574
9.239
-13.697
-4.003
13.922
-5.188
5.329
-4.768
19.032
-5.749
4.604
4.828
-10.922
0.232
-10.276
-4.807
3.118
14.045
0.005
-3.911
-4.309
15.141
-6.433
0.335
14.234
-3.444
-4.356
-3.840
-4.977
14.411
5.282
17.665
-12.282
-6.399
5.298
-11.342
12.957
-2.104
4.723
9.920
-0.636
0.250
-3.288
12.629
5.677
5.487
-9.869
15.802
-5.413
15.915
8.320
-11.187
-3.648
19.822
-1.112
-15.445
-6.308
-6.682
-7.076
-8.548
-3.673
0.644
-18.997
5.638
-33.821
4.359
7.520
-7.296
-11.899
10.892
-0.229
8.183
6.488
9.125
5.797
1.453
-1.307
-3.513
3.185
4.681
-24.832
2.602
-9.685
-18.810
-12.584
-3.816
18.580
-4.992
16.344
-0.867
-4.627
-1.873
-15.032
-4.584
-7.428
6.579
-11.623
-5.959
-16.692
-5.227
9.054
-2.741
-3.769
23.518
-5.674
-0.199
-10.293
13.649
14.095
-8.988
2.437
2.236
-0.423
-11.786
-12.345
3.695
0.345
-6.495
3.301
-12.622
8.716
9.625
7.839
2.046
8.079
-20.938
-2.523
-17.519
15.719
-6.016
1.985
1.852
6.322
-3.721
4.787
-7.611
-3.696
2.840
11.350
6.350
3.185
5.086
-8.094
0.362
2.305
8.121
-12.504
20.418
0.714
-21.556
1.119
0.782
5.739
-3.140
15.557
3.507
16.060
-12.197
-9.308
-8.825
-19.726
-2.708
-5.170
-10.518
8.031
8.573
-6.734
-7.412
13.796
3.936
-5.095
8.736
-9.161
-9.375
8.542
-17.930
-19.299
-8.218
2.676
3.887
10.423
3.937
-5.218
16.147
25.223
6.371
-6.686
7.935
-11.506
2.760
2.454
-8.181
4.191
10.864
-4.474
-4.682
2.971
-5.612
-5.216
6.571
2.564
4.472
-1.133
-0.675
-5.461
1.084
-0.541
-7.165
2.125
-4.881
-13.825
4.894
4.811
-15.069
13.737
12.278
-9.508
5.744
-10.284
-5.447
-8.884
0.235
-0.735
-3.270
8.131
-11.651
-3.174
-4.636
-4.868
-14.008
7.552
-12.301
2.746
-8.669
4.481
17.643
1.339
0.795
-2.012
-7.610
21.952
16.295
-0.651
-5.397
-1.766
0.226
0.857
18.926
-2.710
-6.170
-0.293
-6.756
4.239
-0.545
-18.235
7.888
0.010
5.573
-1.401
-2.655
-10.208
14.664
-0.472
-2.603
-6.033
1.473
-2.416
20.605
-11.122
6.339
-4.202
-4.420
-6.964
-7.606
0.714
-1.845
10.177
-8.658
-15.306
12.735
1.948
5.850
-20.718
6.670
-4.681
-19.664
8.102
27.877
3.892
-1.629
-4.411
-5.866
6.941
-29.364
5.166
-7.321
-6.611
0.306
14.221
3.613
-9.648
6.857
-8.142
-13.212
-2.426
-8.371
-11.983
-6.162
13.888
5.321
-6.703
-13.059
8.023
17.395
18.733
2.895
-8.470
-16.498
-4.227
-8.207
-1.190
23.363
-6.283
-16.222
14.010
0.083
4.049
-5.223
0.251
6.126
-7.344
9.303
8.929
-13.132
20.548
-0.745
19.607
-4.543
-2.985
-2.294
-8.748
-22.305
-18.176
-5.036
-5.664
-2.602
-2.072
15.287
-13.367
-9.163
-6.829
-11.270
9.436
16.861
-7.540
-15.875
-4.812
10.454
3.639
-1.346
-6.055
0.787
0.741
3.496
-13.982
0.181
15.734
6.056
-2.970
-7.101
12.215
9.458
-6.441
-29.135
2.779
5.269
7.738
16.460
14.623
-5.788
-1.722
-6.030
-17.205
-7.024
1.606
1.268
-21.001
-3.043
-11.284
16.192
-3.117
-0.675
-7.209
-1.348
-6.469
11.126
-1.021
8.716
3.239
-0.934
5.096
4.721
-9.931
-17.513
-7.998
-0.539
5.411
-4.851
17.202
-8.741
-7.161
-9.543
-9.593
0.082
10.804
-10.754
5.899
-17.414
13.451
5.370
-13.336
-8.178
7.809
7.211
-3.236
5.307
-6.809
-8.228
3.553
14.012
2.938
-14.238
27.764
6.724
2.951
0.489
1.466
-16.040
-3.402
-3.435
23.198
4.050
2.317
-18.096
3.607
8.619
-8.054
-0.451
-5.381
-13.933
-11.925
-20.340
3.262
-2.594
8.767
-7.056
-11.057
-0.470
14.651
-4.758
-9.350
2.461
17.708
-14.345
13.556
4.354
-1.152
0.287
0.748
-6.442
-2.403
17.972
1.322
-10.829
8.606
15.050
-1.721
3.469
-1.103
2.540
-0.377
-19.935
-27.161
-23.898
-12.348
-4.682
10.921
-8.899
-0.979
-4.672
-5.723
-4.501
1.649
14.978
-18.781
-16.530
-2.418
-3.432
-5.798
11.389
-11.884
10.443
-3.679
8.255
-10.317
22.857
-1.890
16.781
-4.612
4.327
5.805
-8.429
-12.111
-10.231
1.160
-7.159
0.700
-8.905
5.325
1.398
-3.594
-22.643
-0.598
7.590
-13.018
-11.878
10.227
-11.193
2.043
-6.223
5.643
4.392
-15.526
-17.849
1.278
3.600
-1.850
-1.271
3.682
-11.975
-8.065
-9.844
12.240
3.468
0.279
-0.952
2.748
4.134
-9.119
-0.525
-22.398
-1.955
1.452
14.678
-14.082
-30.335
-5.379
9.139
-0.372
-8.673
17.161
-1.792
-1.398
-8.110
13.168
-9.668
6.204
4.717
10.305
7.842
0.046
-3.770
1.012
0.465
-4.723
-2.861
-6.089
7.657
-3.263
1.246
7.362
-12.277
-2.860
-1.728
7.696
-9.069
5.548
-6.649
-7.459
9.013
11.569
-0.347
1.274
-9.024
-16.834
12.799
9.253
4.442
2.497
-1.384
0.328
14.653
9.357
0.215
-13.691
-5.149
-11.390
-1.014
-1.981
8.682
-0.599
5.131
12.722
-38.902
11.549
-10.955
-6.773
6.253
-4.968
-1.554
-4.916
12.718
6.585
-11.784
-0.241
12.147
-15.180
-1.200
25.541
9.341
6.246
-2.253
7.926
8.607
1.042
-3.293
4.717
-3.811
-10.514
0.796
9.930
0.519
3.821
-2.177
-0.434
-20.880
9.580
15.772
2.498
-3.276
0.561
-21.419
-1.335
18.862
1.850
-0.604
-5.667
9.357
10.008
-12.740
9.473
-7.767
-8.269
-9.126
5.769
-5.992
7.638
-4.067
9.845
9.061
-6.924
5.699
19.857
-1.366
-1.076
-1.533
6.407
-11.076
-3.615
-1.639
-0.517
12.526
7.671
4.389
6.085
-5.461
6.640
-14.604
-11.476
9.883
0.060
-9.650
-5.731
0.983
-16.879
-7.641
-10.410
11.869
-4.942
2.890
-16.511
-0.232
-4.731
0.271
9.769
-4.359
-4.811
-0.416
3.296
-9.751
13.244
-6.134
13.349
-12.557
2.104
0.570
5.769
5.700
-5.161
-3.674
2.120
-13.178
15.834
-4.717
12.293
-10.428
9.159
3.653
8.654
-0.204
-1.282
8.424
0.651
-12.127
-6.222
-15.706
-23.573
10.993
-5.398
0.326
-3.217
-14.852
2.215
-7.896
4.357
-9.148
-8.793
6.381
21.444
-1.349
-4.425
0.506
4.712
-3.957
-9.124
2.321
-9.006
-22.094
-14.958
-16.432
-3.800
-6.511
-0.048
21.022
-1.589
1.338
-5.310
13.628
1.789
-3.933
-2.102
15.949
-6.885
-1.550
11.574
-0.396
3.967
4.001
11.365
16.667
9.894
3.995
-12.621
-5.511
-5.654
1.191
3.899
18.396
19.275
-13.453
-6.586
-6.931
12.623
-4.940
1.233
-4.810
-9.823
-10.571
8.431
-8.208
-9.563
-16.155
2.818
-2.769
-12.115
2.809
-4.754
17.380
-4.896
-15.183
1.759
7.384
-7.005
1.244
5.379
-15.840
-4.744
-1.906
5.758
-2.734
-11.926
0.695
-2.467
10.021
7.333
1.571
2.629
-2.812
15.856
-1.758
6.216
-7.309
2.633
12.447
-6.544
7.159
-13.175
-6.956
13.849
-1.472
29.927
0.424
-4.288
-2.474
6.698
-14.750
11.252
-13.279
-4.502
-4.323
-4.301
-6.538
2.345
11.266
-1.360
-15.722
0.319
11.116
3.622
4.927
7.741
-5.222
3.955
19.688
2.524
5.521
3.036
3.552
5.378
-3.953
-4.473
-3.109
-5.704
1.362
-7.100
-14.337
15.549
1.955
10.701
3.404
-6.390
-0.816
5.953
-25.927
4.926
7.909
-7.070
-4.450
-8.548
4.896
-8.851
-16.363
-1.662
-0.325
-13.676
-4.767
-5.427
15.141
8.386
7.355
3.424
1.979
1.424
-8.863
-2.416
-12.309
-8.387
-6.517
-1.816
-11.585
-15.012
-13.433
11.500
9.817
1.724
0.691
22.632
-12.865
23.023
-10.385
15.595
-12.929
2.288
-6.755
6.311
-11.942
6.354
-12.460
-25.743
-4.085
-13.238
4.103
-6.935
11.647
-2.993
21.527
16.478
10.937
12.359
11.114
-8.548
-2.025
-6.286
-8.943
-0.232
-6.906
-11.390
6.634
27.143
-1.313
1.464
6.191
-20.393
1.465
14.661
-13.418
-13.247
-3.352
7.155
-7.522
15.853
-0.546
-13.321
-1.829
-1.051
3.712
-4.783
-1.370
-1.681
11.080
-11.895
-7.202
3.661
5.793
17.015
-1.542
20.864
-7.328
-1.110
-2.179
-18.523
-11.709
1.630
19.345
-17.771
-2.410
4.226
2.904
-2.599
-4.769
-4.787
7.933
3.466
0.363
0.835
-2.128
12.024
-5.072
10.418
28.303
-3.806
-3.528
-16.425
-1.845
0.596
0.192
-1.655
3.380
-10.118
6.484
-3.453
-17.523
11.374
7.736
16.007
-13.641
-6.340
-9.460
7.046
3.495
1.739
-2.702
-2.101
4.627
3.117
2.332
5.587
-16.432
0.156
12.965
9.167
14.274
-6.574
-0.501
0.210
1.292
-3.595
-0.745
0.234
9.595
11.347
7.983
-5.345
6.268
6.524
0.364
4.650
15.841
4.497
5.010
9.526
-6.259
-15.820
19.114
-12.438
-0.507
16.366
-9.125
0.904
15.490
6.712
-11.498
-9.476
8.977
1.451
8.953
14.805
-7.150
9.558
0.976
5.985
8.700
-3.845
1.324
-1.651
2.919
-6.222
10.581
1.160
5.574
23.189
11.808
-19.114
13.531
6.882
-9.729
6.603
-15.342
0.075
-7.423
15.826
7.201
-20.621
3.028
0.250
-27.965
-2.558
-21.942
17.425
-1.640
-9.285
-7.616
-2.878
-20.306
-15.806
5.323
-1.625
-3.630
-4.711
4.898
25.280
-27.174
3.387
-23.064
2.419
6.312
8.545
7.606
3.546
-6.560
-3.945
19.111
7.085
15.567
-0.073
-11.991
-11.877
-2.736
-2.978
3.387
12.558
7.878
1.184
11.073
4.624
20.551
10.108
-4.191
3.283
-11.425
2.803
-2.495
-7.963
-7.842
-7.164
5.390
8.218
-10.567
-17.048
-12.130
11.048
-12.649
-11.806
-16.287
-9.728
1.884
-0.012
2.210
-1.279
14.430
9.680
-10.957
1.539
-8.673
-6.633
-11.394
-5.335
-15.599
2.411
-12.391
8.183
-7.423
19.371
-11.110
5.616
8.371
1.647
8.161
1.209
-7.615
3.431
2.499
-14.459
-2.801
1.523
5.390
-5.701
14.934
23.613
0.789
4.172
1.004
12.277
12.199
10.486
13.605
10.875
7.720
-9.839
19.867
-12.164
4.363
3.982
8.705
-6.836
2.883
5.703
1.975
-3.246
5.679
-1.249
8.073
-0.403
0.322
15.913
6.556
-1.000
3.232
-11.830
-14.710
-6.402
-1.310
-7.993
-20.511
11.177
-4.643
9.075
-9.788
-18.360
-3.456
0.150
7.186
4.943
7.719
-5.034
10.197
7.316
-10.779
10.244
17.638
0.940
-11.328
5.553
1.062
-0.137
13.617
-2.728
-5.076
-0.422
-24.689
-1.766
-6.748
3.925
-20.891
-0.504
12.170
4.273
-8.493
-20.520
0.846
-9.863
-22.856
0.618
3.682
1.880
21.953
1.674
-12.115
-7.966
8.404
2.068
-6.368
-15.903
8.618
13.804
-2.452
5.669
-6.106
-14.107
-10.308
-2.142
-0.066
4.828
-2.641
-0.867
6.479
1.030
1.741
-7.093
-7.977
8.230
6.560
10.118
-15.931
1.978
3.291
5.594
-6.088
0.906
-16.590
-11.052
11.665
7.580
5.993
10.764
-2.461
-8.051
-6.144
15.066
-0.448
-0.964
4.472
-2.034
-5.409
-15.755
-3.972
-6.760
-12.915
-5.396
-14.866
12.517
-11.975
11.587
-2.237
22.638
-6.795
-3.846
-0.329
-5.501
5.554
8.871
-12.721
-12.369
8.598
-13.298
16.714
7.766
3.252
2.142
7.404
0.408
-9.040
-6.623
3.457
28.465
7.581
-6.082
-5.382
-4.062
9.824
-0.858
2.485
-6.927
3.765
7.813
-1.530
-8.087
-12.610
-6.114
-13.949
-12.478
-13.011
-1.215
8.489
-7.554
-13.859
-5.989
4.448
-2.418
-2.051
1.910
5.939
2.906
17.651
-10.916
-6.035
-9.597
13.215
-24.228
-7.514
-5.992
26.119
-2.792
-1.255
-6.986
2.859
11.913
-0.543
-12.129
1.079
5.760
12.753
9.201
8.050
17.089
-9.582
-6.159
17.141
6.052
-1.573
5.980
2.719
-0.134
0.493
-23.745
-1.718
7.066
-2.782
-1.615
-1.079
-6.973
-18.959
6.445
-4.334
14.925
9.292
8.019
-1.083
13.294
8.826
2.907
10.635
-7.716
4.476
-7.568
0.167
6.345
-2.313
5.148
-7.933
7.752
-9.973
12.441
4.709
1.680
8.049
-13.507
-10.085
-2.299
17.230
-14.193
6.676
2.849
-4.707
16.308
3.368
-15.498
-17.985
18.201
11.975
-7.273
28.274
9.637
-6.468
20.669
-3.206
-16.927
-2.783
-20.442
-6.300
0.701
0.178
-11.195
-1.033
-1.533
-5.661
4.897
-4.311
17.399
0.795
1.159
-8.959
20.210
10.090
-11.787
1.661
9.895
13.804
8.939
0.528
-11.869
13.311
1.045
6.687
-2.700
5.443
9.469
-0.463
-0.572
6.443
12.513
5.072
12.842
-3.122
-10.888
-7.109
8.981
-13.971
-7.594
-7.326
18.067
-12.317
-13.926
-5.166
3.856
17.997
-0.951
-6.990
-7.908
11.211
3.542
0.418
-9.949
8.017
-13.556
25.342
-3.443
-6.101
6.235
-15.082
-8.590
-10.097
-5.669
2.539
15.091
3.622
-8.356
8.792
2.618
-2.175
-6.599
5.265
-0.806
-5.819
16.515
-13.155
5.741
-4.985
0.260
-1.527
4.509
-12.119
9.320
4.602
3.555
-8.169
-4.518
-2.189
-7.013
-12.524
-7.679
-1.060
-1.786
-13.915
-6.079
-19.022
5.195
-14.735
-3.778
2.539
2.835
2.773
-7.083
17.236
4.559
11.979
4.215
-2.346
-13.276
2.088
-8.461
5.182
2.963
9.631
0.681
-7.941
4.090
-5.759
11.861
-2.060
10.992
-4.028
-5.688
-12.206
13.014
0.110
7.200
0.541
9.220
2.336
14.403
-4.065
-11.643
12.873
0.607
9.089
0.401
0.258
-12.633
-17.799
22.845
1.072
-12.961
1.418
-5.574
-5.056
7.487
-8.180
16.018
13.996
-8.962
-0.466
5.957
-12.632
-3.159
11.622
-0.582
-7.564
6.615
-6.423
3.285
-1.458
-12.945
-4.330
-8.367
-10.967
7.475
2.901
-2.137
-5.222
0.275
-2.023
-19.840
-2.804
-6.436
10.107
-4.200
-12.779
2.001
-18.553
-13.483
-0.639
5.580
8.506
11.672
9.557
-6.052
-2.898
14.887
18.582
-13.239
4.156
7.602
10.600
-15.048
-14.834
10.280
-8.961
1.496
-6.308
-0.130
7.502
-3.266
-7.701
13.760
6.321
-16.428
7.561
2.784
-4.307
-1.481
-17.540
5.892
16.256
0.516
7.052
7.066
-4.248
13.983
5.680
1.823
-15.476
-14.957
5.684
-0.534
1.647
5.281
1.664
4.023
-7.701
4.478
6.417
1.907
14.866
-5.823
2.126
-3.130
14.432
-10.917
-3.399
28.296
5.280
-2.540
-11.690
13.643
4.821
-16.579
-16.395
-2.328
4.703
10.695
-3.686
1.885
10.209
4.675
-18.853
-2.322
13.482
0.436
8.382
1.600
-20.609
1.369
4.854
-4.440
1.368
-7.471
10.724
9.652
26.654
7.431
7.177
10.059
11.685
-2.954
12.658
-9.087
-6.282
-6.549
8.398
9.721
5.918
-4.598
-8.762
4.144
-16.640
-3.951
-2.035
0.438
2.468
1.850
-6.411
-10.366
-5.009
-0.858
-6.906
7.329
-7.712
-0.742
-1.014
-8.515
2.561
-3.981
-2.743
-7.458
8.217
4.113
-8.084
4.374
-4.437
6.290
-15.469
-13.982
-3.960
16.038
4.312
8.711
-12.663
-2.975
7.024
5.702
1.454
5.826
3.008
-8.676
-3.080
-6.131
2.275
-17.492
2.289
-9.471
-6.899
-16.453
3.605
16.418
5.842
-19.356
13.901
-7.810
2.168
0.248
-3.791
13.956
5.095
0.903
0.723
4.371
-13.943
-2.140
12.615
1.297
0.771
10.816
0.524
-20.091
-12.525
-0.235
2.796
1.194
-0.368
18.613
6.563
-6.079
-4.048
17.206
-1.692
-9.723
6.230
-18.658
-6.197
5.328
2.859
-0.250
3.663
8.249
-12.327
-11.744
-9.692
13.949
-7.872
0.728
3.408
1.854
-1.155
-5.621
-26.326
3.788
-24.827
-6.365
5.379
-3.192
0.355
-3.495
0.675
-10.404
-20.698
-21.263
-2.057
-25.896
6.130
3.372
5.302
